33	1
301	1
1497	1
1669	1
1800	1
1811	1
2342	1
2553	1
2663	1
3273	1
3360	1
3499	1
4224	1
4613	1
4684	1
5612	1
5829	1
6402	1
6573	1
7560	1
7569	1
7871	1
7915	1
7923	1
7927	1
8080	1
8171	1
8303	1
8465	1
8467	1
9026	1
9239	1
47	2
441	2
576	2
967	2
1575	2
2200	2
2217	2
2389	2
2783	2
3004	2
4121	2
4442	2
4657	2
4767	2
5188	2
5301	2
5327	2
5440	2
6410	2
6493	2
7068	2
7258	2
8253	2
8573	2
582	3
1009	3
1144	3
1163	3
1473	3
1761	3
2184	3
2522	3
2551	3
2587	3
2977	3
3046	3
3386	3
3447	3
3895	3
4802	3
4830	3
6195	3
6587	3
6698	3
6939	3
7475	3
7774	3
8034	3
253	4
430	4
561	4
780	4
1710	4
2312	4
2370	4
3033	4
3427	4
3653	4
4132	4
4220	4
4250	4
4665	4
4859	4
6293	4
6526	4
6681	4
7033	4
7172	4
7286	4
7680	4
7706	4
8445	4
26	5
778	5
917	5
947	5
1450	5
1750	5
1822	5
2302	5
2673	5
3285	5
3305	5
3529	5
3733	5
3791	5
4301	5
4410	5
4732	5
5313	5
5392	5
5400	5
5479	5
6068	5
6319	5
6340	5
6513	5
7213	5
7308	5
7323	5
7476	5
7858	5
8344	5
8421	5
8614	5
8722	5
8879	5
8932	5
8972	5
9094	5
9354	5
9551	5
9650	5
9713	5
9727	5
9851	5
9924	5
9945	5
9957	5
9978	5
9992	5
9993	5
458	6
728	6
976	6
1771	6
2019	6
2069	6
2410	6
3986	6
4262	6
4265	6
4377	6
4641	6
4941	6
4969	6
4993	6
5026	6
5091	6
6334	6
6663	6
7079	6
7349	6
7972	6
8025	6
287	7
323	7
395	7
529	7
693	7
969	7
1232	7
1787	7
1892	7
2077	7
2600	7
2675	7
2721	7
2746	7
2765	7
3452	7
3609	7
3738	7
4448	7
4824	7
5553	7
5582	7
6083	7
6213	7
6803	7
6908	7
6931	7
7363	7
7613	7
7622	7
7906	7
8571	7
8800	7
9183	7
9391	7
9446	7
1243	8
1274	8
1571	8
1741	8
2020	8
2099	8
2176	8
2365	8
2462	8
2844	8
3169	8
3422	8
3424	8
3901	8
4196	8
4276	8
4556	8
4587	8
4602	8
4769	8
4882	8
4904	8
5208	8
5506	8
5664	8
5744	8
6844	8
6913	8
7032	8
7692	8
7738	8
8330	8
8662	8
9022	8
9204	8
9470	8
9517	8
9568	8
9592	8
9693	8
9784	8
9833	8
9892	8
9921	8
9948	8
34	9
100	9
380	9
478	9
586	9
975	9
1530	9
1903	9
2207	9
2669	9
3399	9
3549	9
4061	9
4474	9
4945	9
5019	9
5801	9
6770	9
6948	9
7005	9
7998	9
8109	9
8514	9
8554	9
8579	9
370	10
436	10
907	10
991	10
1201	10
1286	10
1370	10
2138	10
2274	10
3318	10
3860	10
4263	10
4913	10
4940	10
5146	10
5243	10
5468	10
5623	10
5817	10
6348	10
6471	10
7087	10
7321	10
7445	10
8039	10
8256	10
8281	10
8287	10
8432	10
9019	10
58	11
169	11
219	11
392	11
452	11
463	11
1567	11
1752	11
1766	11
2202	11
2711	11
3736	11
4078	11
4619	11
5276	11
5286	11
5485	11
5488	11
5650	11
5709	11
6021	11
6401	11
6439	11
6465	11
6606	11
7109	11
7657	11
8145	11
8151	11
8500	11
8869	11
8981	11
9380	11
9427	11
96	12
415	12
1609	12
2299	12
2702	12
2767	12
2799	12
2853	12
3419	12
3673	12
4072	12
4105	12
4576	12
4926	12
5152	12
5292	12
5337	12
5624	12
5696	12
5952	12
6159	12
6298	12
6684	12
7860	12
7879	12
8885	12
8962	12
9087	12
9123	12
9145	12
678	13
772	13
815	13
1051	13
1404	13
1514	13
1524	13
1756	13
2015	13
2105	13
3350	13
3858	13
4123	13
4180	13
4809	13
5092	13
5426	13
5768	13
5807	13
5819	13
6036	13
6673	13
6709	13
6919	13
7270	13
7387	13
7395	13
7436	13
8379	13
8641	13
8984	13
9199	13
9301	13
9305	13
1414	14
1858	14
2279	14
2326	14
2562	14
2745	14
3014	14
3214	14
4510	14
4924	14
4942	14
5616	14
5782	14
5803	14
5816	14
6135	14
6506	14
6806	14
7140	14
7393	14
340	15
696	15
910	15
1147	15
1731	15
1965	15
2206	15
2230	15
2305	15
2369	15
2386	15
3000	15
3148	15
4358	15
5005	15
5007	15
5319	15
5436	15
6460	15
7120	15
349	16
512	16
751	16
881	16
924	16
1700	16
2053	16
2187	16
2417	16
2471	16
2919	16
3146	16
3268	16
3403	16
3950	16
4112	16
4237	16
4521	16
4565	16
4916	16
5192	16
5349	16
5539	16
6022	16
6120	16
6469	16
6517	16
6702	16
7240	16
7336	16
7433	16
7467	16
7898	16
8372	16
8610	16
8906	16
9379	16
9575	16
32	17
255	17
650	17
1006	17
1335	17
1518	17
1537	17
1697	17
1758	17
1824	17
2356	17
2505	17
2584	17
3622	17
4110	17
4405	17
4825	17
4973	17
5088	17
5959	17
6694	17
7056	17
7639	17
7733	17
7968	17
8258	17
8605	17
95	18
183	18
522	18
681	18
817	18
986	18
1088	18
1551	18
1638	18
2744	18
2790	18
3031	18
3105	18
3124	18
3143	18
3184	18
4251	18
4418	18
4594	18
4800	18
4920	18
5022	18
5219	18
5443	18
7687	18
7758	18
7837	18
7958	18
8207	18
8252	18
8359	18
8461	18
9010	18
9092	18
311	19
1046	19
1096	19
1527	19
1814	19
1998	19
2072	19
2183	19
2262	19
2449	19
3270	19
3483	19
3718	19
4688	19
5155	19
5240	19
5627	19
5749	19
6075	19
6171	19
6528	19
8146	19
8174	19
8297	19
8386	19
1	20
19	20
235	20
424	20
435	20
733	20
981	20
1339	20
1979	20
2087	20
3036	20
3216	20
3317	20
3351	20
3546	20
3927	20
4357	20
4548	20
4781	20
5415	20
5614	20
6144	20
6386	20
7146	20
7348	20
8069	20
8202	20
8280	20
8395	20
8611	20
8992	20
9099	20
208	21
567	21
1387	21
1744	21
1875	21
2567	21
2731	21
2763	21
3010	21
3079	21
3275	21
3460	21
3971	21
4044	21
4195	21
4396	21
4917	21
4983	21
5704	21
5856	21
6013	21
6367	21
7265	21
7267	21
7366	21
7369	21
7609	21
7646	21
7761	21
8082	21
8440	21
8470	21
8888	21
9340	21
9344	21
9374	21
9387	21
9563	21
9600	21
9729	21
9770	21
9865	21
9889	21
9901	21
12	22
873	22
1460	22
1698	22
2030	22
2350	22
2546	22
2623	22
2648	22
2851	22
2980	22
3335	22
3434	22
3606	22
3883	22
4544	22
4653	22
4677	22
4976	22
5414	22
5874	22
5894	22
5906	22
6279	22
6549	22
7011	22
7719	22
7746	22
8088	22
8179	22
9036	22
9172	22
9333	22
9347	22
9365	22
128	23
215	23
706	23
864	23
1440	23
1641	23
1736	23
1923	23
2975	23
3208	23
4361	23
4471	23
4567	23
5063	23
5213	23
5893	23
5929	23
5964	23
5971	23
6007	23
6689	23
6746	23
7178	23
7539	23
7604	23
7632	23
7701	23
7778	23
7955	23
8008	23
8293	23
8594	23
8813	23
8847	23
8912	23
9364	23
9416	23
9664	23
9668	23
9686	23
138	24
321	24
941	24
1600	24
1754	24
1905	24
2927	24
2950	24
3433	24
3436	24
3643	24
3667	24
4416	24
4524	24
4606	24
4996	24
5170	24
6263	24
6595	24
6662	24
6852	24
6935	24
7209	24
7326	24
7396	24
7507	24
7596	24
8003	24
8451	24
8761	24
8795	24
8951	24
9471	24
9511	24
9557	24
9621	24
9649	24
9670	24
386	25
638	25
987	25
1136	25
1451	25
2006	25
3504	25
3864	25
3920	25
3983	25
4208	25
4455	25
4598	25
5182	25
5289	25
5794	25
6132	25
6488	25
6675	25
7376	25
7441	25
7474	25
7636	25
8319	25
2715	26
2753	26
2920	26
3380	26
4064	26
4111	26
4468	26
4534	26
4763	26
5437	26
5503	26
5710	26
5832	26
6616	26
6834	26
7020	26
7279	26
7373	26
7859	26
8096	26
8175	26
831	27
838	27
887	27
1003	27
1038	27
1045	27
1403	27
1546	27
1568	27
1706	27
3734	27
3760	27
4041	27
4798	27
4875	27
5329	27
5341	27
5743	27
5788	27
6624	27
6629	27
6654	27
6722	27
7105	27
7588	27
7650	27
8484	27
8973	27
933	28
1012	28
1183	28
1193	28
1208	28
1562	28
1871	28
1981	28
2211	28
2657	28
2717	28
2961	28
4024	28
4218	28
4261	28
4706	28
5054	28
6377	28
6614	28
6797	28
7278	28
7390	28
7602	28
14	29
226	29
245	29
564	29
1102	29
1812	29
1943	29
2017	29
2838	29
3021	29
3391	29
3770	29
4254	29
5042	29
5233	29
5315	29
6123	29
6197	29
6729	29
7117	29
7375	29
7410	29
7452	29
7948	29
8010	29
8070	29
8094	29
8940	29
1020	30
1590	30
1775	30
1994	30
2007	30
2276	30
2345	30
3068	30
3567	30
3828	30
3873	30
3879	30
4074	30
4128	30
4170	30
4216	30
4318	30
4493	30
4743	30
4936	30
5572	30
5738	30
5818	30
5869	30
6429	30
6630	30
6895	30
7063	30
7252	30
7354	30
8296	30
8381	30
8919	30
9043	30
23	31
611	31
871	31
1683	31
1849	31
1907	31
1908	31
2201	31
2239	31
2448	31
2500	31
2524	31
2593	31
3663	31
3685	31
3766	31
3894	31
3968	31
5834	31
6632	31
7009	31
7261	31
7311	31
7428	31
7757	31
7812	31
8199	31
8527	31
8689	31
8766	31
9289	31
9349	31
9468	31
9515	31
9523	31
9577	31
9590	31
9617	31
9738	31
9766	31
341	32
431	32
708	32
744	32
1072	32
1246	32
1889	32
1890	32
3280	32
3322	32
3473	32
3631	32
3798	32
3938	32
4409	32
4511	32
4589	32
4618	32
4804	32
4837	32
5147	32
5474	32
5737	32
6572	32
6580	32
6915	32
7076	32
7116	32
7335	32
7494	32
7593	32
8015	32
8064	32
8131	32
8170	32
8225	32
8971	32
9259	32
9334	32
9504	32
9710	32
9817	32
9872	32
9914	32
9960	32
9968	32
9975	32
9991	32
9997	32
574	33
577	33
734	33
1037	33
1043	33
1581	33
1855	33
2026	33
2602	33
2718	33
3982	33
4228	33
4438	33
4571	33
4850	33
5499	33
5658	33
5756	33
5907	33
6907	33
6925	33
172	34
205	34
565	34
715	34
988	34
1063	34
1380	34
1732	34
1737	34
1808	34
2008	34
2171	34
3162	34
3257	34
3364	34
3876	34
4319	34
4507	34
5661	34
6508	34
6831	34
6921	34
6999	34
7343	34
7481	34
7715	34
7730	34
7888	34
8274	34
8353	34
8816	34
8878	34
8884	34
8909	34
9064	34
9158	34
9415	34
9505	34
447	35
548	35
591	35
928	35
1267	35
1536	35
1666	35
2517	35
2573	35
2768	35
2788	35
2816	35
3141	35
3508	35
3580	35
3750	35
3793	35
3993	35
4068	35
4404	35
4445	35
4672	35
4858	35
5359	35
5866	35
6153	35
6287	35
6636	35
6912	35
6933	35
7043	35
7291	35
7584	35
7933	35
9076	35
9314	35
9348	35
9604	35
9695	35
306	36
450	36
938	36
979	36
1242	36
1268	36
1695	36
2070	36
3388	36
3710	36
4411	36
4479	36
4533	36
4682	36
5159	36
6039	36
6130	36
6246	36
6262	36
6387	36
7469	36
7704	36
7814	36
8314	36
8600	36
8738	36
8997	36
9021	36
9134	36
42	37
444	37
1491	37
1517	37
2628	37
2696	37
2732	37
2896	37
3015	37
3083	37
3456	37
3524	37
3526	37
3611	37
3686	37
3720	37
3826	37
3948	37
4079	37
4249	37
4662	37
5013	37
5053	37
5529	37
5736	37
5766	37
5787	37
5796	37
5928	37
6256	37
6356	37
6376	37
6514	37
6697	37
7362	37
7802	37
8196	37
8405	37
8532	37
8607	37
8750	37
8804	37
9058	37
9782	37
9837	37
9876	37
9999	37
220	38
652	38
753	38
773	38
1069	38
1076	38
1224	38
1485	38
1704	38
1883	38
3398	38
4309	38
4623	38
4694	38
4799	38
5561	38
5592	38
5713	38
5731	38
6019	38
6222	38
6300	38
6312	38
6373	38
6678	38
7066	38
7518	38
7683	38
7713	38
8078	38
8118	38
8205	38
8910	38
8956	38
9029	38
9100	38
9221	38
9372	38
9611	38
9724	38
9751	38
9	39
1181	39
1382	39
1602	39
1720	39
3081	39
3303	39
3468	39
3492	39
3725	39
5142	39
5453	39
5639	39
5705	39
6383	39
7060	39
7169	39
7550	39
7709	39
8005	39
8210	39
8334	39
8457	39
8501	39
8531	39
74	40
86	40
247	40
362	40
774	40
859	40
876	40
1161	40
1177	40
1984	40
2028	40
3262	40
3882	40
4230	40
4656	40
4803	40
5331	40
6607	40
6940	40
6988	40
645	41
1646	41
2624	41
2757	41
2893	41
3536	41
3769	41
3834	41
3862	41
4330	41
4478	41
4667	41
4829	41
5950	41
6173	41
6239	41
6240	41
6645	41
7010	41
7528	41
7806	41
7930	41
8055	41
8235	41
8441	41
282	42
506	42
554	42
1040	42
1659	42
1909	42
1948	42
1954	42
2101	42
2116	42
2119	42
2168	42
2786	42
2805	42
3012	42
3301	42
3742	42
3771	42
4045	42
4370	42
4621	42
4650	42
4723	42
4832	42
5206	42
5480	42
5792	42
6237	42
6462	42
6692	42
6993	42
7006	42
7022	42
7143	42
7189	42
8033	42
8490	42
8576	42
8602	42
9467	42
9608	42
9804	42
106	43
159	43
432	43
843	43
1449	43
1827	43
2091	43
2139	43
2926	43
3174	43
3395	43
3496	43
3515	43
4441	43
4546	43
4570	43
4783	43
5203	43
5360	43
5363	43
5594	43
5739	43
6185	43
6323	43
6718	43
6737	43
7540	43
7762	43
7851	43
8566	43
8634	43
8968	43
9084	43
9150	43
9179	43
9188	43
9294	43
9594	43
9632	43
9641	43
78	44
281	44
337	44
488	44
968	44
1042	44
1261	44
1350	44
1424	44
1772	44
1797	44
1799	44
2649	44
2742	44
2803	44
3266	44
3375	44
3569	44
4049	44
4634	44
5268	44
5961	44
6264	44
6612	44
6911	44
7195	44
7325	44
7451	44
7512	44
7515	44
7541	44
7901	44
7978	44
8117	44
8259	44
8418	44
8569	44
9633	44
9636	44
212	45
360	45
401	45
602	45
761	45
814	45
880	45
934	45
1354	45
1466	45
2457	45
2998	45
3111	45
3243	45
3406	45
4690	45
4736	45
4901	45
4928	45
4991	45
5130	45
5369	45
5755	45
6012	45
6044	45
6539	45
6561	45
7684	45
8009	45
8177	45
8232	45
8629	45
8948	45
9063	45
9082	45
9238	45
9312	45
9315	45
9370	45
9612	45
9666	45
9853	45
9854	45
89	46
222	46
2204	46
2692	46
3173	46
3743	46
4006	46
4016	46
4827	46
6218	46
6228	46
6408	46
6496	46
6602	46
6868	46
7139	46
7529	46
7554	46
7563	46
7638	46
90	47
1032	47
1064	47
1323	47
1848	47
2104	47
2117	47
2323	47
2453	47
3030	47
3690	47
3853	47
4090	47
4491	47
4784	47
4957	47
4998	47
5473	47
5512	47
5619	47
5820	47
6029	47
6076	47
6569	47
6651	47
7072	47
7115	47
7149	47
7166	47
7612	47
7628	47
7633	47
7710	47
8197	47
8333	47
8734	47
8748	47
9049	47
9175	47
9353	47
9675	47
9681	47
9692	47
9705	47
9719	47
9746	47
9821	47
9904	47
9956	47
9973	47
84	48
805	48
1086	48
1176	48
1307	48
2255	48
2937	48
3306	48
3344	48
4506	48
4536	48
4914	48
5190	48
5729	48
6965	48
7099	48
7168	48
7190	48
7747	48
8042	48
1122	49
1630	49
1632	49
1917	49
1993	49
2092	49
2583	49
3296	49
3604	49
3836	49
3909	49
4097	49
4215	49
4282	49
4306	49
4517	49
4569	49
4953	49
5232	49
5821	49
5827	49
5852	49
6385	49
6418	49
6533	49
6556	49
6767	49
6972	49
7620	49
7660	49
7993	49
8090	49
8142	49
8817	49
8933	49
8944	49
8952	49
9173	49
9506	49
834	50
1550	50
2947	50
2955	50
3218	50
3277	50
3623	50
4075	50
4142	50
4586	50
4974	50
4988	50
5371	50
5814	50
5891	50
5936	50
6055	50
6575	50
6778	50
7230	50
7555	50
7674	50
7946	50
8522	50
8695	50
176	51
457	51
1318	51
1443	51
1606	51
1801	51
2203	51
2622	51
2629	51
2917	51
3038	51
3040	51
3491	51
3726	51
4245	51
4937	51
5391	51
5596	51
5728	51
6023	51
6217	51
6244	51
6345	51
6481	51
6795	51
6922	51
7015	51
7466	51
7520	51
7565	51
8012	51
8112	51
8456	51
8937	51
9115	51
9214	51
9532	51
553	52
563	52
1052	52
1205	52
1308	52
2701	52
4503	52
4540	52
5117	52
5380	52
5389	52
5475	52
5589	52
5886	52
5985	52
6002	52
6079	52
6155	52
6604	52
6873	52
6994	52
7203	52
7313	52
7365	52
8486	52
8544	52
8760	52
8802	52
9061	52
9071	52
307	53
391	53
806	53
1056	53
1259	53
1312	53
1388	53
1400	53
1603	53
1624	53
1625	53
1821	53
2056	53
3323	53
3374	53
3625	53
3795	53
4158	53
4162	53
4710	53
5325	53
5423	53
5444	53
5457	53
5600	53
5607	53
6138	53
6179	53
6349	53
6656	53
7273	53
8584	53
9042	53
9240	53
9403	53
44	54
490	54
745	54
1884	54
2059	54
2487	54
2703	54
2762	54
2973	54
3694	54
3728	54
3787	54
4190	54
4327	54
4464	54
4943	54
5085	54
5675	54
5809	54
6037	54
6175	54
6734	54
6757	54
7012	54
7082	54
7419	54
7571	54
7577	54
7798	54
8269	54
8341	54
8377	54
8477	54
9044	54
9160	54
9332	54
9382	54
9520	54
9540	54
9687	54
9836	54
9849	54
9898	54
269	55
471	55
559	55
848	55
963	55
993	55
1074	55
1075	55
1207	55
1786	55
1790	55
2820	55
3027	55
3195	55
4403	55
5118	55
5252	55
5273	55
6901	55
7028	55
7059	55
7465	55
7600	55
7651	55
8164	55
8519	55
8710	55
8789	55
232	56
259	56
448	56
886	56
901	56
1067	56
1104	56
1214	56
1266	56
1576	56
2047	56
2260	56
2420	56
2642	56
2898	56
4399	56
4814	56
5157	56
5404	56
5513	56
6206	56
7141	56
7238	56
7800	56
8187	56
8302	56
8769	56
8854	56
8883	56
477	57
1142	57
1373	57
1420	57
1819	57
1973	57
2132	57
2518	57
3404	57
3848	57
4219	57
4888	57
5143	57
5324	57
5537	57
5590	57
5797	57
5812	57
6302	57
6350	57
6455	57
6835	57
7046	57
7630	57
8026	57
8126	57
8719	57
8993	57
9193	57
9230	57
9233	57
263	58
309	58
367	58
771	58
909	58
1095	58
1244	58
1557	58
2426	58
3229	58
4314	58
4369	58
4751	58
4877	58
5368	58
5941	58
6423	58
6436	58
6467	58
6850	58
6878	58
7877	58
8472	58
8653	58
8809	58
8828	58
8900	58
8929	58
8979	58
276	59
537	59
1036	59
1131	59
1179	59
1276	59
1631	59
2440	59
3020	59
3099	59
3198	59
3757	59
4126	59
4166	59
4252	59
4367	59
4844	59
5542	59
5862	59
6024	59
6062	59
6306	59
6361	59
6758	59
6902	59
6930	59
7090	59
7340	59
8483	59
8687	59
8742	59
8903	59
9138	59
9242	59
9337	59
9463	59
9624	59
330	60
898	60
953	60
1138	60
1660	60
1674	60
2057	60
2574	60
2813	60
2934	60
3045	60
3147	60
3975	60
4317	60
4348	60
4529	60
4583	60
4597	60
4604	60
4812	60
4873	60
4958	60
5409	60
5937	60
6712	60
7668	60
7865	60
8392	60
8415	60
8612	60
8803	60
8939	60
8963	60
8985	60
9258	60
9308	60
9322	60
9363	60
9389	60
9444	60
9685	60
9781	60
9790	60
9824	60
9867	60
9950	60
9953	60
9972	60
9984	60
524	61
590	61
683	61
720	61
747	61
1071	61
2127	61
2499	61
2599	61
2674	61
2897	61
3100	61
3188	61
3378	61
3614	61
3936	61
3999	61
4833	61
4984	61
5264	61
5593	61
5662	61
6193	61
7388	61
7394	61
7595	61
7695	61
8375	61
8631	61
8674	61
8704	61
9097	61
1441	62
1559	62
1805	62
2112	62
2493	62
2826	62
2837	62
2886	62
3101	62
3166	62
3512	62
3717	62
3805	62
4145	62
4151	62
4390	62
4581	62
5249	62
5511	62
6015	62
6199	62
6326	62
6352	62
6400	62
6472	62
6487	62
6670	62
6707	62
7192	62
8102	62
8238	62
8254	62
8779	62
8925	62
9140	62
9190	62
9302	62
9355	62
9543	62
274	63
347	63
765	63
1458	63
1542	63
2542	63
2888	63
4242	63
4320	63
4383	63
4639	63
4663	63
5193	63
5486	63
5526	63
5682	63
6329	63
6661	63
6898	63
6923	63
6938	63
6966	63
7024	63
7953	63
8321	63
8401	63
28	64
509	64
1168	64
1275	64
2061	64
2145	64
2192	64
2236	64
2317	64
2360	64
2892	64
3235	64
3692	64
3814	64
3939	64
4066	64
4351	64
4391	64
4495	64
4686	64
5124	64
5745	64
5770	64
5960	64
6442	64
6453	64
6502	64
6732	64
6779	64
6944	64
7415	64
8452	64
8701	64
8835	64
8938	64
8967	64
9164	64
9270	64
9597	64
9747	64
9856	64
9899	64
9902	64
420	65
425	65
779	65
854	65
879	65
1079	65
1563	65
2269	65
2771	65
2773	65
3383	65
3897	65
4730	65
5014	65
5075	65
5669	65
5890	65
6085	65
6865	65
7002	65
7119	65
7432	65
8228	65
8434	65
8640	65
8775	65
195	66
326	66
1854	66
1960	66
2264	66
3070	66
3500	66
3813	66
4332	66
4522	66
4530	66
5452	66
5654	66
5670	66
5734	66
5815	66
6347	66
6475	66
6552	66
6688	66
7763	66
808	67
1171	67
1192	67
1251	67
1675	67
1959	67
2303	67
2929	67
3521	67
4133	67
4174	67
4440	67
4525	67
4811	67
5059	67
5123	67
5875	67
5915	67
6280	67
6307	67
6343	67
7694	67
8156	67
8249	67
8455	67
8482	67
8667	67
8705	67
8714	67
8881	67
8988	67
9083	67
9330	67
25	68
71	68
94	68
538	68
816	68
1118	68
1329	68
1521	68
2749	68
3163	68
3438	68
3576	68
4279	68
5012	68
5038	68
5179	68
5516	68
5660	68
6035	68
6555	68
6813	68
7085	68
7659	68
8343	68
8363	68
157	69
515	69
785	69
1523	69
1617	69
1654	69
1693	69
1767	69
1830	69
1877	69
1894	69
2027	69
3284	69
3372	69
3379	69
3698	69
3921	69
4395	69
5036	69
5160	69
5613	69
5925	69
6398	69
6571	69
6653	69
6823	69
6862	69
7199	69
7675	69
7809	69
7950	69
8555	69
8570	69
8806	69
8893	69
9075	69
9244	69
9637	69
9783	69
9786	69
9787	69
9806	69
9827	69
9830	69
9965	69
52	70
240	70
265	70
669	70
1314	70
1381	70
1463	70
1729	70
2359	70
2447	70
2609	70
2761	70
2778	70
2857	70
3342	70
3722	70
3905	70
3928	70
3931	70
3961	70
4283	70
4328	70
5678	70
5946	70
6004	70
6534	70
6550	70
6672	70
7661	70
7876	70
7917	70
7973	70
8491	70
8685	70
8823	70
9216	70
9249	70
9285	70
9544	70
9595	70
9613	70
9793	70
9894	70
9937	70
541	71
676	71
677	71
809	71
830	71
1340	71
2124	71
2859	71
3144	71
3591	71
4007	71
4088	71
4206	71
4326	71
4733	71
4780	71
5125	71
6080	71
6583	71
6824	71
6926	71
7334	71
7350	71
7625	71
7892	71
8231	71
8505	71
593	72
662	72
1068	72
1128	72
1357	72
1541	72
2166	72
2374	72
2588	72
2617	72
2769	72
3073	72
3108	72
3150	72
3408	72
3810	72
3846	72
3917	72
4119	72
4437	72
4869	72
5227	72
5348	72
5354	72
5700	72
6043	72
6391	72
6647	72
8139	72
8165	72
8794	72
9200	72
9248	72
9260	72
9384	72
9521	72
61	73
139	73
250	73
823	73
1264	73
1277	73
2143	73
2208	73
2254	73
2384	73
2415	73
2780	73
2866	73
3220	73
4013	73
4593	73
4640	73
4866	73
4879	73
5221	73
6315	73
6522	73
6701	73
6864	73
7064	73
7598	73
8255	73
8643	73
8965	73
9035	73
9110	73
193	74
316	74
385	74
475	74
2234	74
2443	74
2875	74
3136	74
3265	74
3416	74
3494	74
3890	74
4458	74
4579	74
4664	74
4840	74
5029	74
5099	74
5177	74
5472	74
5626	74
5636	74
5676	74
6148	74
6447	74
6477	74
7653	74
8752	74
8936	74
8957	74
9069	74
9165	74
9323	74
142	75
1112	75
1200	75
1833	75
3543	75
3910	75
3954	75
4080	75
4499	75
4752	75
5583	75
5944	75
6545	75
6705	75
7023	75
7038	75
7524	75
7748	75
7848	75
7963	75
8110	75
8201	75
8539	75
8635	75
8700	75
150	76
271	76
1436	76
3016	76
3023	76
3088	76
3286	76
3302	76
3697	76
4750	76
4845	76
4898	76
5551	76
5668	76
5828	76
6480	76
6837	76
6843	76
7382	76
7398	76
7711	76
8213	76
8248	76
8518	76
8783	76
8826	76
8833	76
603	77
1477	77
1534	77
1866	77
2016	77
2330	77
2566	77
3129	77
4106	77
4349	77
5299	77
5346	77
5420	77
5421	77
5759	77
6190	77
6235	77
6601	77
6786	77
6807	77
7894	77
80	78
210	78
526	78
768	78
1416	78
1891	78
1918	78
2022	78
2678	78
2931	78
3161	78
3477	78
3615	78
3808	78
4433	78
5030	78
5305	78
5911	78
6088	78
6203	78
6295	78
6566	78
6814	78
7241	78
7392	78
7581	78
8152	78
8186	78
9228	78
9232	78
9298	78
9324	78
9424	78
9434	78
275	79
594	79
971	79
1239	79
1399	79
1961	79
2249	79
2750	79
3230	79
3582	79
3847	79
4253	79
4457	79
4975	79
5217	79
5274	79
5566	79
5651	79
5889	79
6184	79
6390	79
6430	79
6748	79
7510	79
8098	79
8390	79
8489	79
8515	79
72	80
366	80
624	80
686	80
950	80
1391	80
1438	80
2125	80
2575	80
2724	80
3003	80
3371	80
3373	80
3510	80
3675	80
4257	80
4275	80
4316	80
4323	80
4467	80
5381	80
6250	80
6297	80
6695	80
6848	80
7191	80
7329	80
7508	80
7575	80
7944	80
7992	80
8123	80
8403	80
9041	80
9338	80
9357	80
9368	80
9460	80
9503	80
9513	80
9588	80
9623	80
9715	80
9748	80
9808	80
1222	81
1298	81
1325	81
1401	81
1528	81
1538	81
1968	81
2004	81
2469	81
2504	81
2540	81
2723	81
2825	81
2832	81
3240	81
3358	81
3649	81
3739	81
3790	81
4324	81
5164	81
5197	81
5248	81
5338	81
5735	81
5991	81
6017	81
6220	81
6294	81
6611	81
6741	81
6879	81
7173	81
7843	81
8786	81
9102	81
9366	81
9589	81
9657	81
9802	81
9814	81
9840	81
9875	81
9907	81
9928	81
156	82
535	82
862	82
1598	82
2308	82
2398	82
2408	82
2436	82
3327	82
3578	82
4815	82
4894	82
5134	82
5239	82
5674	82
5732	82
6248	82
6254	82
6586	82
7114	82
7136	82
7182	82
7990	82
8101	82
8311	82
8407	82
8525	82
8873	82
65	83
132	83
320	83
604	83
642	83
802	83
913	83
965	83
1197	83
1363	83
1469	83
1503	83
1743	83
1778	83
2076	83
2252	83
2290	83
2682	83
2785	83
3450	83
3605	83
4402	83
4482	83
4528	83
5097	83
5375	83
5703	83
5813	83
5844	83
6008	83
6241	83
6266	83
6419	83
6937	83
7159	83
8315	83
8543	83
9553	83
9569	83
9603	83
9813	83
9900	83
9913	83
9926	83
9935	83
9962	83
9986	83
35	84
356	84
539	84
2133	84
2333	84
3115	84
3332	84
4274	84
4449	84
4822	84
4986	84
5297	84
5569	84
5575	84
5916	84
5966	84
6223	84
6608	84
6791	84
7887	84
633	85
1115	85
1137	85
1172	85
1315	85
1337	85
1479	85
2199	85
2605	85
3525	85
3672	85
4269	85
4603	85
5103	85
5879	85
5898	85
6056	85
6114	85
6840	85
7125	85
7480	85
7485	85
7912	85
7925	85
7999	85
207	86
302	86
313	86
825	86
1468	86
1734	86
2373	86
2760	86
2935	86
2983	86
3019	86
3180	86
3192	86
3193	86
3872	86
4801	86
5584	86
5793	86
5861	86
6095	86
6129	86
6977	86
7100	86
7322	86
7430	86
7640	86
7764	86
7891	86
8105	86
8149	86
8364	86
8908	86
9296	86
9419	86
9489	86
224	87
460	87
1083	87
1151	87
1310	87
1418	87
1733	87
2301	87
2871	87
3811	87
3874	87
3984	87
4200	87
4834	87
5061	87
5621	87
5763	87
5917	87
5938	87
6468	87
6783	87
7142	87
7386	87
7444	87
7531	87
8316	87
8668	87
8793	87
9030	87
9050	87
57	88
377	88
839	88
919	88
940	88
958	88
1292	88
1574	88
1826	88
1967	88
2109	88
2304	88
2343	88
2815	88
2870	88
3008	88
3119	88
3131	88
3232	88
3509	88
4194	88
4325	88
4959	88
5448	88
5724	88
5932	88
6033	88
6260	88
6358	88
6523	88
6768	88
6817	88
7075	88
8052	88
8136	88
8295	88
8647	88
8848	88
9013	88
9264	88
214	89
358	89
414	89
445	89
555	89
1120	89
1599	89
1859	89
1880	89
1926	89
2001	89
2113	89
2924	89
3355	89
3775	89
4060	89
4513	89
4532	89
4553	89
4670	89
4792	89
4933	89
5340	89
5484	89
6194	89
6357	89
7498	89
7780	89
8496	89
8503	89
8567	89
8592	89
8739	89
8773	89
8868	89
8875	89
9287	89
9485	89
9545	89
9659	89
9772	89
9780	89
53	90
110	90
291	90
439	90
486	90
922	90
1245	90
1347	90
1359	90
1457	90
1533	90
1791	90
1845	90
2035	90
2735	90
2817	90
3206	90
3234	90
3754	90
3792	90
4109	90
4288	90
4505	90
4735	90
5467	90
5976	90
7206	90
7532	90
7576	90
7629	90
7775	90
8856	90
9142	90
9205	90
9317	90
9375	90
9626	90
64	91
163	91
721	91
775	91
1016	91
1127	91
1316	91
1327	91
1582	91
1597	91
1707	91
2148	91
2839	91
3648	91
4155	91
4222	91
4375	91
4439	91
4446	91
5024	91
5272	91
5358	91
5541	91
5622	91
6296	91
6789	91
7057	91
7233	91
8046	91
8221	91
8236	91
8851	91
9417	91
9447	91
9466	91
9516	91
9539	91
9609	91
9638	91
9644	91
750	92
1070	92
1273	92
2704	92
4023	92
4035	92
4460	92
4666	92
5139	92
5378	92
5471	92
5973	92
6016	92
6136	92
6568	92
6845	92
6855	92
6979	92
7380	92
7935	92
102	93
134	93
279	93
480	93
1289	93
1376	93
1782	93
2801	93
2869	93
2877	93
3498	93
3650	93
4051	93
4236	93
4285	93
5057	93
5128	93
5790	93
6112	93
7048	93
7473	93
7558	93
8074	93
8194	93
70	94
384	94
710	94
1078	94
1204	94
1867	94
2051	94
2067	94
2250	94
2720	94
3013	94
4605	94
4841	94
5141	94
5781	94
6272	94
6417	94
6780	94
7071	94
7220	94
8127	94
8183	94
8444	94
8488	94
8492	94
8542	94
8834	94
788	95
932	95
1152	95
1647	95
1999	95
2036	95
2568	95
2736	95
2782	95
3445	95
3832	95
4047	95
4549	95
5073	95
5077	95
5631	95
5900	95
5948	95
5949	95
6169	95
6369	95
6519	95
6646	95
7081	95
7167	95
7361	95
7691	95
8035	95
246	96
434	96
442	96
1454	96
1493	96
1543	96
1738	96
1753	96
1990	96
2134	96
3337	96
3354	96
3677	96
3678	96
3932	96
4065	96
4160	96
4209	96
4463	96
4744	96
5180	96
5434	96
5690	96
5806	96
5851	96
6172	96
6363	96
6428	96
7164	96
7304	96
7655	96
7677	96
7842	96
7957	96
8299	96
8703	96
8731	96
8866	96
9053	96
9234	96
9647	96
9708	96
9800	96
9826	96
9845	96
9863	96
9879	96
9940	96
9985	96
481	97
504	97
514	97
925	97
2079	97
2347	97
2809	97
3407	97
3511	97
3652	97
4255	97
4497	97
4574	97
4601	97
4615	97
4633	97
4681	97
5023	97
5200	97
6448	97
6677	97
6974	97
8030	97
8100	97
54	98
614	98
2188	98
2811	98
2842	98
2873	98
3117	98
3348	98
3974	98
4312	98
4632	98
5040	98
5087	98
5202	98
5253	98
5531	98
5984	98
6157	98
6249	98
6416	98
6724	98
6743	98
6959	98
7016	98
7243	98
7970	98
7975	98
8511	98
8805	98
18	99
75	99
335	99
1154	99
1212	99
1247	99
1671	99
1672	99
1978	99
2654	99
2981	99
3272	99
3519	99
3626	99
3741	99
3804	99
3908	99
3915	99
4089	99
4304	99
4880	99
4903	99
5060	99
5238	99
5336	99
5396	99
6189	99
6276	99
6283	99
6322	99
6826	99
6893	99
7413	99
7509	99
7744	99
7960	99
8130	99
8370	99
8599	99
9024	99
9690	99
9712	99
9842	99
9858	99
9870	99
9946	99
9952	99
9980	99
11	100
77	100
244	100
264	100
290	100
718	100
1116	100
1480	100
1569	100
1794	100
2380	100
2532	100
2687	100
2747	100
3084	100
3713	100
4002	100
5058	100
5171	100
5247	100
5514	100
5684	100
5926	100
6772	100
6799	100
7277	100
7404	100
8132	100
9055	100
9096	100
91	101
154	101
319	101
473	101
581	101
702	101
1159	101
1265	101
1684	101
1691	101
2814	101
3319	101
3585	101
3945	101
4340	101
4577	101
4774	101
4891	101
5043	101
5104	101
5822	101
5859	101
5860	101
6576	101
7218	101
7367	101
7459	101
7490	101
8076	101
8780	101
9023	101
9065	101
9202	101
217	102
479	102
904	102
1044	102
1586	102
1589	102
1616	102
2107	102
2173	102
2215	102
2468	102
2528	102
2639	102
2727	102
2968	102
3158	102
3749	102
4477	102
4747	102
4863	102
4962	102
5390	102
5464	102
5522	102
5876	102
5981	102
7157	102
7207	102
7696	102
7702	102
8337	102
9091	102
9300	102
9406	102
9452	102
9496	102
9591	102
9694	102
308	103
363	103
694	103
1049	103
1054	103
1263	103
1343	103
1921	103
2355	103
3080	103
3334	103
3540	103
4310	103
4539	103
4575	103
4722	103
4806	103
5687	103
5877	103
6374	103
6590	103
7545	103
24	104
494	104
791	104
1326	104
1481	104
1815	104
2427	104
2974	104
3291	104
3454	104
3570	104
3660	104
3797	104
4040	104
4394	104
4651	104
4740	104
4905	104
4946	104
4963	104
5290	104
5412	104
5697	104
5920	104
6071	104
6092	104
6093	104
6412	104
6425	104
6710	104
7214	104
7281	104
8759	104
8771	104
8774	104
9125	104
9220	104
9282	104
9331	104
9450	104
9562	104
9587	104
9843	104
300	105
726	105
1167	105
1368	105
2908	105
3382	105
3572	105
3575	105
3867	105
3985	105
4086	105
4490	105
4648	105
4758	105
4839	105
5281	105
5691	105
5895	105
6821	105
7358	105
7360	105
7737	105
7808	105
8032	105
8077	105
8589	105
8655	105
9098	105
9131	105
9187	105
180	106
534	106
903	106
1482	106
1925	106
2245	106
2577	106
3245	106
3563	106
3683	106
3850	106
4182	106
4308	106
4343	106
4436	106
4500	106
4508	106
5259	106
5683	106
5693	106
5963	106
6182	106
6962	106
7202	106
7754	106
7890	106
8133	106
8890	106
8989	106
9086	106
9107	106
9151	106
9343	106
371	107
634	107
764	107
852	107
1446	107
1901	107
2856	107
3168	107
3963	107
3965	107
4083	107
5335	107
6051	107
6161	107
6174	107
6762	107
6882	107
6971	107
7303	107
7332	107
7505	107
7557	107
8366	107
120	108
519	108
1618	108
1864	108
1983	108
2424	108
2914	108
3182	108
3329	108
3480	108
3513	108
3778	108
4280	108
4535	108
5461	108
5585	108
5721	108
6290	108
6341	108
7131	108
7500	108
7567	108
7623	108
7676	108
7896	108
8209	108
8768	108
8874	108
8889	108
9089	108
9207	108
5	109
619	109
1008	109
1522	109
1525	109
2002	109
2005	109
2535	109
2748	109
2938	109
2985	109
3055	109
3489	109
4001	109
4552	109
5114	109
5156	109
5591	109
6267	109
7245	109
7319	109
8148	109
419	110
770	110
810	110
869	110
930	110
2162	110
2738	110
2999	110
3732	110
3737	110
3979	110
4069	110
4138	110
4700	110
4964	110
5153	110
5181	110
5210	110
5563	110
5646	110
5746	110
5783	110
6324	110
6597	110
6639	110
6749	110
7111	110
7399	110
7631	110
7641	110
7940	110
7982	110
8051	110
8266	110
8306	110
8801	110
9410	110
17	111
400	111
1089	111
1783	111
2165	111
2618	111
2970	111
3132	111
3181	111
3213	111
3233	111
4032	111
4233	111
4272	111
4842	111
5303	111
6432	111
6847	111
7150	111
7418	111
7856	111
8053	111
8362	111
8425	111
8767	111
8844	111
8921	111
9039	111
9054	111
9250	111
9275	111
9278	111
9295	111
9388	111
9408	111
20	112
427	112
915	112
1336	112
1635	112
2485	112
3263	112
3561	112
3919	112
4225	112
4558	112
4776	112
5189	112
5494	112
5686	112
5975	112
6109	112
6134	112
6265	112
7276	112
7297	112
27	113
41	113
203	113
258	113
737	113
1489	113
2198	113
2325	113
2477	113
2604	113
3363	113
3557	113
4578	113
4582	113
5174	113
5581	113
5954	113
6165	113
6299	113
6444	113
6792	113
6798	113
6927	113
6950	113
7400	113
7448	113
7610	113
7897	113
8927	113
653	114
1103	114
1300	114
1319	114
1361	114
1390	114
1407	114
1526	114
1802	114
2167	114
2261	114
2296	114
2382	114
2490	114
3396	114
3859	114
4057	114
4241	114
5245	114
5725	114
5855	114
6339	114
6454	114
6463	114
6518	114
6544	114
6693	114
6733	114
7004	114
7147	114
7165	114
7412	114
8609	114
8715	114
9027	114
9080	114
9436	114
9533	114
9703	114
345	115
426	115
459	115
1353	115
2118	115
3001	115
3074	115
3185	115
3539	115
3552	115
4039	115
4140	115
5294	115
5399	115
5667	115
5780	115
5974	115
6405	115
6942	115
7605	115
187	116
221	116
327	116
365	116
528	116
543	116
589	116
647	116
698	116
1248	116
1426	116
1447	116
2003	116
2164	116
2431	116
2913	116
2987	116
3066	116
4701	116
5771	116
5830	116
6774	116
7503	116
8575	116
8590	116
8651	116
8755	116
135	117
456	117
485	117
690	117
905	117
1356	117
1506	117
2041	117
2045	117
2237	117
2719	117
2986	117
3345	117
3486	117
4171	117
4177	117
5649	117
5702	117
6273	117
6360	117
6397	117
6888	117
7036	117
7589	117
8050	117
8618	117
179	118
390	118
1180	118
1198	118
1321	118
1425	118
1629	118
1856	118
2232	118
2570	118
2847	118
3130	118
3251	118
4108	118
4204	118
4852	118
5169	118
5218	118
5482	118
5717	118
5720	118
5757	118
6414	118
7422	118
7669	118
8119	118
8371	118
8459	118
6	119
610	119
929	119
1090	119
1219	119
2151	119
2313	119
2620	119
2752	119
3556	119
4217	119
4259	119
4938	119
5093	119
5767	119
6470	119
6542	119
6819	119
6887	119
7225	119
7244	119
7823	119
194	120
799	120
896	120
1228	120
1371	120
2106	120
2126	120
2233	120
2367	120
2465	120
2883	120
3432	120
3827	120
4059	120
4248	120
4871	120
5010	120
5222	120
5308	120
5931	120
6089	120
6205	120
6234	120
6321	120
6394	120
7351	120
7749	120
7965	120
8747	120
9012	120
153	121
498	121
1018	121
1724	121
2060	121
2823	121
3085	121
3316	121
3328	121
3589	121
3896	121
4512	121
4813	121
5072	121
5101	121
5175	121
5279	121
5366	121
5517	121
6067	121
6108	121
6216	121
6285	121
6599	121
6859	121
7050	121
7094	121
7250	121
7561	121
7785	121
7954	121
8282	121
8591	121
9088	121
9231	121
9335	121
9574	121
9665	121
487	122
1229	122
1311	122
1410	122
2185	122
2193	122
2591	122
3201	122
3224	122
3821	122
4273	122
4779	122
5176	122
5194	122
5548	122
6268	122
7181	122
7924	122
8218	122
8292	122
8342	122
8447	122
8497	122
8565	122
8916	122
9034	122
9155	122
9203	122
9226	122
9236	122
9253	122
9262	122
9303	122
9310	122
9413	122
9486	122
9497	122
9526	122
9722	122
9723	122
296	123
297	123
403	123
472	123
1173	123
1270	123
1293	123
1393	123
1835	123
1911	123
2147	123
3321	123
3656	123
4167	123
4331	123
4364	123
4509	123
4854	123
4885	123
4895	123
4906	123
5314	123
5429	123
5483	123
5528	123
5554	123
6053	123
6077	123
6378	123
7368	123
7407	123
8073	123
8373	123
8670	123
9068	123
9168	123
9251	123
9342	123
9395	123
9448	123
9453	123
9455	123
9552	123
9615	123
9776	123
9881	123
9885	123
9951	123
9961	123
8	124
10	124
125	124
1226	124
1531	124
2063	124
2225	124
2695	124
4617	124
4647	124
5316	124
5779	124
6125	124
6330	124
6598	124
6756	124
7232	124
7686	124
7803	124
8021	124
8095	124
8124	124
8153	124
8324	124
428	125
451	125
680	125
851	125
1099	125
1685	125
1841	125
1850	125
1941	125
2625	125
2884	125
3357	125
3669	125
3990	125
4117	125
4284	125
4773	125
4970	125
5037	125
5298	125
5384	125
5524	125
5980	125
6479	125
6736	125
6782	125
7522	125
7716	125
7815	125
8063	125
8195	125
8422	125
9144	125
9273	125
402	126
433	126
689	126
865	126
1584	126
2300	126
3505	126
3947	126
4428	126
4687	126
4725	126
4831	126
4847	126
4951	126
5035	126
5112	126
5638	126
5918	126
6384	126
6825	126
6946	126
7434	126
8411	126
133	127
885	127
1108	127
1487	127
1711	127
1725	127
1773	127
2283	127
2327	127
2491	127
2921	127
3037	127
3118	127
3442	127
3493	127
3992	127
4599	127
4608	127
4652	127
5321	127
6188	127
6867	127
6917	127
7235	127
7314	127
7666	127
8356	127
8557	127
8582	127
8706	127
8735	127
8736	127
8852	127
48	128
88	128
256	128
396	128
508	128
518	128
523	128
605	128
797	128
911	128
959	128
1358	128
1728	128
1913	128
1947	128
2009	128
2421	128
3082	128
3586	128
4755	128
4923	128
5387	128
5527	128
5677	128
5839	128
5965	128
6538	128
6579	128
6838	128
7151	128
7271	128
7516	128
7784	128
7834	128
7853	128
7862	128
7956	128
8628	128
8913	128
8924	128
9139	128
9585	128
9684	128
9829	128
9832	128
9848	128
9864	128
9941	128
9959	128
416	129
505	129
759	129
900	129
1107	129
1223	129
1508	129
1570	129
1715	129
1886	129
2033	129
2085	129
2538	129
2655	129
3261	129
3283	129
3444	129
3765	129
4139	129
4415	129
4645	129
5579	129
5892	129
5927	129
6137	129
6243	129
6403	129
6511	129
7118	129
7268	129
7626	129
9048	129
9297	129
188	130
234	130
409	130
1057	130
1094	130
1433	130
1676	130
1838	130
2597	130
2846	130
3252	130
3288	130
3313	130
3385	130
3484	130
3693	130
4475	130
5110	130
5224	130
5519	130
5525	130
5811	130
6764	130
7132	130
7274	130
7527	130
7922	130
8208	130
353	131
1034	131
1721	131
1937	131
2363	131
3135	131
4134	131
4137	131
4480	131
4968	131
5364	131
5568	131
5641	131
5748	131
6251	131
6371	131
6674	131
6903	131
7179	131
7405	131
7835	131
249	132
408	132
502	132
1092	132
1784	132
2212	132
2331	132
2444	132
3026	132
3455	132
4267	132
4382	132
4470	132
5353	132
5979	132
6030	132
6716	132
6771	132
7216	132
7614	132
7952	132
8184	132
87	133
465	133
866	133
1004	133
1455	133
1471	133
1634	133
1865	133
2579	133
2807	133
2880	133
3120	133
3209	133
3211	133
3246	133
3870	133
4187	133
4551	133
4614	133
4764	133
5069	133
5081	133
5163	133
5237	133
5969	133
7272	133
7342	133
7530	133
8167	133
8283	133
8877	133
9118	133
9209	133
9327	133
9341	133
9398	133
9456	133
9474	133
623	134
1284	134
1789	134
1897	134
2149	134
2368	134
2531	134
2804	134
3292	134
3387	134
3420	134
3506	134
3617	134
4048	134
4127	134
4698	134
4718	134
5020	134
5121	134
5477	134
5555	134
5897	134
5968	134
6119	134
6370	134
6485	134
6500	134
6650	134
6766	134
6983	134
7103	134
7562	134
7821	134
7938	134
8222	134
8273	134
8285	134
8396	134
8424	134
8637	134
8904	134
9116	134
9146	134
9266	134
9733	134
9798	134
9809	134
9944	134
9987	134
99	135
438	135
1047	135
1633	135
2038	135
2096	135
2194	135
2197	135
2901	135
3402	135
3426	135
3633	135
3664	135
3845	135
4157	135
4380	135
5552	135
5718	135
7083	135
7707	135
7797	135
7875	135
8141	135
8349	135
8516	135
8538	135
8821	135
92	136
231	136
251	136
637	136
1872	136
2381	136
2516	136
2536	136
2576	136
3755	136
4085	136
4212	136
4300	136
5266	136
5775	136
5784	136
5934	136
6805	136
7493	136
7753	136
7818	136
7822	136
8143	136
8360	136
8597	136
252	137
273	137
511	137
763	137
818	137
937	137
1846	137
1904	137
1949	137
2189	137
2228	137
2808	137
2835	137
3011	137
3018	137
3043	137
3346	137
3471	137
3516	137
3644	137
3723	137
3829	137
4031	137
4817	137
6230	137
6232	137
6308	137
6708	137
6727	137
7037	137
7664	137
7883	137
8056	137
8229	137
8276	137
8593	137
8728	137
9490	137
9527	137
9586	137
9676	137
9878	137
103	138
491	138
592	138
803	138
1017	138
1253	138
1280	138
1520	138
1636	138
1852	138
2161	138
3107	138
3113	138
3579	138
3794	138
4472	138
4550	138
4939	138
5339	138
5497	138
5571	138
5805	138
6336	138
6699	138
6836	138
7096	138
7236	138
7327	138
7538	138
7672	138
7804	138
7900	138
7961	138
8191	138
8406	138
9299	138
9491	138
9634	138
9734	138
161	139
285	139
497	139
861	139
916	139
1110	139
1595	139
1677	139
1807	139
2065	139
2135	139
2141	139
2295	139
2845	139
3029	139
3048	139
3310	139
3711	139
3727	139
3729	139
3837	139
4093	139
4129	139
4197	139
4286	139
4715	139
5394	139
5502	139
5570	139
5647	139
6049	139
6426	139
6765	139
7582	139
7949	139
8075	139
8513	139
8529	139
8617	139
8648	139
8892	139
9093	139
9182	139
9235	139
9425	139
9643	139
9795	139
9942	139
9949	139
9976	139
826	140
850	140
1184	140
1558	140
1916	140
2486	140
2772	140
3381	140
3838	140
3856	140
4148	140
4927	140
4971	140
5275	140
5388	140
5652	140
6245	140
6886	140
6986	140
6992	140
7003	140
7123	140
7817	140
8506	140
8563	140
8666	140
8694	140
43	141
104	141
216	141
455	141
1022	141
1763	141
1915	141
1972	141
2064	141
2155	141
2291	141
2371	141
2439	141
2592	141
3475	141
3708	141
3877	141
4239	141
4412	141
4660	141
4925	141
5508	141
5559	141
6100	141
6291	141
6473	141
6634	141
7070	141
7126	141
7345	141
7845	141
8453	141
8606	141
9219	141
9400	141
9512	141
9661	141
105	142
496	142
573	142
627	142
782	142
1435	142
1988	142
2094	142
2589	142
2619	142
3097	142
3197	142
3849	142
3916	142
4071	142
4113	142
4353	142
4646	142
5144	142
5267	142
5972	142
6003	142
6031	142
6286	142
6876	142
209	143
315	143
372	143
467	143
704	143
996	143
2175	143
2467	143
2827	143
2830	143
3112	143
3254	143
3446	143
3627	143
4271	143
4560	143
4754	143
5150	143
5258	143
5374	143
6091	143
6652	143
6659	143
6981	143
7357	143
7381	143
7656	143
7722	143
7772	143
8087	143
8433	143
8551	143
8737	143
8740	143
8770	143
8778	143
8788	143
9015	143
9127	143
9462	143
9488	143
9581	143
9730	143
9807	143
9861	143
1185	144
1456	144
1488	144
1608	144
1730	144
1862	144
1944	144
2048	144
2122	144
2366	144
2578	144
2997	144
3091	144
3153	144
3250	144
3267	144
3929	144
4107	144
4146	144
4816	144
4960	144
4997	144
5438	144
5491	144
5505	144
6314	144
6440	144
6720	144
7239	144
7255	144
7712	144
7989	144
8013	144
8138	144
8412	144
8427	144
8462	144
8645	144
9267	144
9682	144
9740	144
248	145
1027	145
1196	145
1831	145
2694	145
2737	145
3093	145
3981	145
4103	145
4118	145
4185	145
4790	145
4797	145
4819	145
5610	145
5914	145
6380	145
6625	145
7205	145
7282	145
7450	145
7619	145
8000	145
8308	145
8478	145
8517	145
8836	145
9007	145
9104	145
9109	145
9153	145
9346	145
38	146
114	146
122	146
735	146
877	146
957	146
1005	146
1492	146
1621	146
1969	146
2660	146
3205	146
3571	146
3681	146
4398	146
4638	146
5162	146
5168	146
5536	146
5707	146
6103	146
6535	146
6854	146
7018	146
7294	146
7310	146
7542	146
317	147
412	147
630	147
730	147
1140	147
1552	147
2121	147
2265	147
3535	147
3817	147
3888	147
3988	147
3994	147
4101	147
4386	147
4909	147
5065	147
5089	147
5116	147
5910	147
5942	147
6404	147
6715	147
7138	147
7194	147
7724	147
7855	147
8137	147
8226	147
8448	147
8625	147
8830	147
9033	147
9117	147
9212	147
9371	147
9401	147
9454	147
9465	147
9473	147
9524	147
9671	147
314	148
357	148
407	148
729	148
1033	148
1861	148
2049	148
2348	148
3060	148
3297	148
3618	148
4104	148
4384	148
4432	148
4466	148
4899	148
4907	148
5257	148
5265	148
5395	148
5722	148
5977	148
6084	148
6116	148
6164	148
6200	148
6443	148
6578	148
6802	148
7642	148
8028	148
8397	148
8475	148
8716	148
8863	148
8882	148
8946	148
8995	148
9066	148
9272	148
9742	148
9744	148
9847	148
9862	148
173	149
572	149
955	149
1015	149
1225	149
1394	149
1680	149
1869	149
1914	149
2018	149
2698	149
2714	149
3440	149
4297	149
4413	149
4741	149
4972	149
5096	149
5330	149
5611	149
5689	149
5994	149
6018	149
6449	149
7058	149
7089	149
7852	149
7903	149
7969	149
8060	149
8262	149
8658	149
8880	149
9081	149
381	150
665	150
822	150
1218	150
1258	150
1502	150
1580	150
1594	150
1723	150
1952	150
2734	150
2874	150
3470	150
3665	150
3935	150
4021	150
4062	150
4147	150
4630	150
4867	150
4887	150
5021	150
5047	150
5051	150
5122	150
5242	150
5685	150
5846	150
7051	150
7234	150
7372	150
8062	150
8104	150
8350	150
8474	150
8699	150
9284	150
124	151
152	151
352	151
369	151
921	151
1013	151
1313	151
1722	151
2039	151
2324	151
3145	151
3816	151
4363	151
4408	151
5935	151
6229	151
6978	151
7061	151
7092	151
7112	151
7421	151
7458	151
588	152
632	152
811	152
856	152
985	152
1544	152
1548	152
1740	152
2550	152
3007	152
3226	152
3290	152
3463	152
3973	152
4266	152
4347	152
5204	152
5923	152
6166	152
6393	152
6420	152
6521	152
6725	152
6956	152
6985	152
7932	152
8435	152
8931	152
9005	152
9095	152
542	153
695	153
824	153
974	153
1097	153
1303	153
1345	153
1429	153
1579	153
2089	153
2383	153
2482	153
2569	153
2822	153
3024	153
3177	153
3390	153
3861	153
3998	153
5098	153
5602	153
6020	153
6596	153
6623	153
7246	153
7880	153
7941	153
8049	153
8135	153
8181	153
8469	153
8905	153
9025	153
9147	153
516	154
952	154
1302	154
2918	154
3225	154
3425	154
3784	154
3955	154
4169	154
4226	154
5106	154
5262	154
6176	154
6787	154
7027	154
7152	154
7237	154
7260	154
7635	154
7936	154
8081	154
257	155
679	155
752	155
1233	155
1406	155
1411	155
1423	155
1459	155
1464	155
2078	155
2329	155
2458	155
2688	155
2960	155
3167	155
3312	155
4011	155
4030	155
4130	155
4452	155
4717	155
4757	155
4849	155
5302	155
5576	155
5762	155
5804	155
6269	155
6327	155
6541	155
6920	155
6987	155
7543	155
7727	155
7776	155
7872	155
8155	155
9367	155
9537	155
9714	155
9789	155
9912	155
9916	155
9922	155
9932	155
9990	155
60	156
470	156
544	156
639	156
657	156
659	156
777	156
918	156
1591	156
1806	156
1987	156
2154	156
2641	156
2831	156
2868	156
3134	156
3287	156
3952	156
3997	156
4092	156
4372	156
4965	156
5048	156
5173	156
5293	156
5901	156
6728	156
7042	156
7102	156
7298	156
7453	156
7768	156
7987	156
8361	156
8420	156
8429	156
8473	156
8495	156
9407	156
9445	156
9477	156
641	157
1409	157
1809	157
1958	157
2335	157
2362	157
2372	157
2387	157
2818	157
3602	157
4163	157
4175	157
4435	157
4956	157
5126	157
5361	157
5574	157
6124	157
6589	157
6909	157
6984	157
7289	157
8182	157
8263	157
8384	157
8757	157
8864	157
3	158
51	158
147	158
495	158
756	158
1135	158
1186	158
1640	158
1735	158
2046	158
2052	158
2537	158
2626	158
3078	158
3361	158
3691	158
3878	158
4911	158
5056	158
5587	158
5854	158
6759	158
8338	158
8378	158
143	159
197	159
570	159
607	159
1281	159
1857	159
2229	159
2582	159
3154	159
3271	159
3461	159
4731	159
5071	159
5080	159
5261	159
5419	159
5909	159
5953	159
6760	159
7248	159
7417	159
7766	159
7779	159
8215	159
674	160
954	160
1190	160
1496	160
1920	160
2340	160
2423	160
2636	160
2716	160
3495	160
3577	160
3705	160
3933	160
4244	160
4674	160
4789	160
5186	160
5656	160
5848	160
5887	160
6040	160
6396	160
6530	160
6567	160
7065	160
7499	160
7559	160
8414	160
8679	160
8922	160
8961	160
9028	160
121	161
123	161
333	161
682	161
1113	161
1235	161
2169	161
2680	161
2683	161
2689	161
2693	161
2969	161
3183	161
3249	161
3645	161
4355	161
4400	161
4857	161
5109	161
5550	161
5978	161
6052	161
6183	161
6204	161
6856	161
6949	161
7290	161
7501	161
7523	161
7882	161
8129	161
8831	161
8941	161
9269	161
9495	161
9548	161
9580	161
9599	161
9660	161
9771	161
9828	161
9852	161
9866	161
198	162
389	162
399	162
437	162
453	162
769	162
906	162
1461	162
3050	162
3259	162
3429	162
3802	162
4010	162
5079	162
5430	162
6781	162
6808	162
7251	162
7307	162
7729	162
7841	162
8332	162
305	163
462	163
1039	163
1215	163
1216	163
1352	163
1887	163
2058	163
2375	163
2713	163
2729	163
2899	163
3176	163
3384	163
4307	163
4354	163
4502	163
5191	163
5317	163
5446	163
6584	163
6851	163
6964	163
7426	163
7615	163
8002	163
8007	163
8240	163
8404	163
8431	163
8639	163
8684	163
8797	163
8943	163
9195	163
9345	163
9561	163
9564	163
118	164
148	164
1055	164
1240	164
1271	164
1305	164
1405	164
1415	164
1430	164
1623	164
1839	164
2180	164
2294	164
2319	164
2433	164
2554	164
2644	164
2665	164
2978	164
3658	164
3788	164
4164	164
4749	164
5287	164
5532	164
6111	164
6660	164
6955	164
7227	164
7756	164
8166	164
8790	164
9070	164
9313	164
9352	164
9476	164
9547	164
9663	164
9704	164
31	165
166	165
819	165
875	165
1299	165
1309	165
1663	165
1878	165
1953	165
2656	165
2764	165
3103	165
3237	165
3745	165
4388	165
4935	165
5288	165
5296	165
6275	165
6562	165
7359	165
7608	165
7884	165
8439	165
8601	165
40	166
79	166
272	166
405	166
503	166
530	166
699	166
758	166
1282	166
2690	166
2900	166
3106	166
3155	166
3684	166
3714	166
3721	166
3875	166
3898	166
3969	166
4070	166
4994	166
5556	166
5597	166
5884	166
6027	166
6316	166
6717	166
6874	166
7344	166
7977	166
8416	166
8552	166
8669	166
8928	166
9194	166
9215	166
9405	166
9758	166
9768	166
9788	166
9791	166
30	167
608	167
1061	167
1188	167
1331	167
1642	167
1803	167
2074	167
2158	167
2271	167
2572	167
2596	167
2608	167
2766	167
3114	167
3179	167
3751	167
4240	167
5201	167
6009	167
6192	167
6752	167
7084	167
7135	167
7870	167
8103	167
8271	167
8307	167
8442	167
8999	167
9020	167
9464	167
9536	167
9542	167
9546	167
9565	167
855	168
1073	168
2253	168
2284	168
2429	168
2894	168
3629	168
3767	168
4004	168
4008	168
4161	168
4260	168
4515	168
4585	168
4705	168
5342	168
6863	168
7224	168
7347	168
7909	168
7976	168
286	169
476	169
801	169
1484	169
1692	169
2272	169
2861	169
2878	169
3022	169
3025	169
3311	169
3752	169
4052	169
4427	169
4760	169
4778	169
6346	169
6788	169
7080	169
7847	169
7937	169
7964	169
8188	169
8577	169
83	170
189	170
872	170
956	170
1434	170
1593	170
1626	170
1764	170
1933	170
2391	170
2489	170
2615	170
3123	170
3159	170
3485	170
3812	170
5145	170
5680	170
5865	170
6162	170
6438	170
6582	170
6970	170
7170	170
7781	170
8072	170
8335	170
8358	170
8792	170
8899	170
8950	170
9018	170
9113	170
9268	170
9277	170
9518	170
521	171
649	171
995	171
1001	171
1748	171
2097	171
2136	171
2214	171
2278	171
2472	171
2733	171
2979	171
3278	171
3294	171
3641	171
3740	171
4561	171
4950	171
5726	171
5992	171
6058	171
6087	171
6105	171
6201	171
7275	171
8642	171
8838	171
8977	171
199	172
278	172
312	172
446	172
766	172
893	172
984	172
1306	172
1419	172
1519	172
1651	172
1708	172
2349	172
3102	172
3204	172
3583	172
3632	172
3815	172
4149	172
4246	172
4298	172
4424	172
5102	172
6186	172
6631	172
6730	172
7645	172
7791	172
8045	172
8713	172
8777	172
8891	172
9062	172
9167	172
9171	172
9494	172
9558	172
229	173
584	173
847	173
1355	173
1504	173
1950	173
1955	173
2000	173
2503	173
3057	173
3548	173
3712	173
3748	173
4027	173
4028	173
4454	173
5149	173
5172	173
5370	173
5608	173
5733	173
5837	173
6278	173
6486	173
6690	173
7067	173
7193	173
7517	173
7624	173
7678	173
7919	173
8217	173
8310	173
8663	173
9074	173
9522	173
136	174
254	174
270	174
411	174
655	174
962	174
1478	174
1688	174
1939	174
2160	174
2354	174
2403	174
2706	174
2907	174
2949	174
2958	174
3542	174
4181	174
4214	174
4392	174
5070	174
5231	174
5598	174
6224	174
6613	174
6880	174
7330	174
7437	174
7506	174
7833	174
8638	174
8675	174
8808	174
8982	174
9052	174
9059	174
9459	174
9583	174
9646	174
175	175
667	175
1565	175
1566	175
1945	175
2090	175
2219	175
2311	175
2647	175
2911	175
2916	175
3409	175
3507	175
4628	175
4860	175
4890	175
5178	175
5229	175
5362	175
5458	175
5672	175
5760	175
5863	175
6227	175
6505	175
7008	175
7446	175
7461	175
7690	175
7732	175
7786	175
8071	175
8352	175
8860	175
8987	175
9208	175
9329	175
9640	175
9651	175
9678	175
9773	175
578	176
643	176
1101	176
1529	176
1540	176
1653	176
1785	176
1792	176
1934	176
2191	176
2852	176
3042	176
3520	176
3689	176
4636	176
4654	176
4807	176
4989	176
5520	176
6196	176
6364	176
6711	176
7014	176
7074	176
8661	176
155	177
813	177
829	177
1495	177
1747	177
2282	177
2510	177
2530	177
2651	177
2954	177
3092	177
3207	177
3231	177
3490	177
4029	177
4292	177
4303	177
4359	177
4865	177
4900	177
5234	177
5603	177
5883	177
6406	177
6620	177
6642	177
6754	177
6800	177
7198	177
7455	177
8144	177
8523	177
8572	177
8633	177
8998	177
9038	177
9319	177
9339	177
9359	177
9499	177
9606	177
9801	177
9810	177
9859	177
9974	177
10000	177
67	178
190	178
334	178
1467	178
1555	178
1596	178
1788	178
1816	178
1882	178
1970	178
2195	178
2285	178
2643	178
2730	178
2779	178
2787	178
2797	178
2995	178
3058	178
3194	178
3566	178
4094	178
4487	178
4676	178
4954	178
5509	178
5873	178
6333	178
7269	178
7462	178
7536	178
8036	178
8125	178
8261	178
8619	178
8697	178
9124	178
9143	178
9409	178
9449	178
9739	178
9811	178
16	179
113	179
836	179
2012	179
2514	179
2603	179
2627	179
2652	179
3032	179
3063	179
3655	179
4434	179
5263	179
5565	179
5673	179
6830	179
6996	179
7113	179
7583	179
7907	179
8079	179
980	180
1100	180
1105	180
1333	180
1667	180
2055	180
2140	180
2306	180
2495	180
2496	180
2705	180
2776	180
3133	180
3187	180
3190	180
3247	180
3659	180
4346	180
5447	180
5635	180
6187	180
7054	180
7573	180
7644	180
7688	180
8011	180
8230	180
8244	180
8250	180
8436	180
8534	180
8763	180
8870	180
8958	180
9016	180
9072	180
9625	180
9667	180
9696	180
127	181
500	181
1148	181
1236	181
1341	181
1510	181
1516	181
2432	181
2512	181
2543	181
3544	181
4620	181
4724	181
5045	181
5427	181
5742	181
5773	181
6041	181
6238	181
6484	181
6515	181
6570	181
6832	181
6961	181
7211	181
7457	181
7590	181
7599	181
7939	181
8458	181
8624	181
8845	181
9163	181
9256	181
9373	181
82	182
800	182
807	182
1093	182
1126	182
1402	182
1507	182
1847	182
1942	182
1995	182
2073	182
2179	182
2634	182
2819	182
3142	182
3497	182
3596	182
3716	182
5004	182
5187	182
5769	182
6332	182
6769	182
6790	182
6928	182
7145	182
7208	182
8242	182
8326	182
8409	182
8550	182
8558	182
9336	182
9362	182
9435	182
339	183
566	183
598	183
762	183
2042	183
2404	183
2484	183
2922	183
3067	183
3333	183
3413	183
3607	183
4081	183
4207	183
4366	183
5459	183
5510	183
5940	183
6381	183
6947	183
6973	183
7128	183
7210	183
7402	183
8615	183
8622	183
8898	183
9122	183
9136	183
9141	183
9254	183
1085	184
1661	184
2084	184
2659	184
2793	184
2964	184
3289	184
3780	184
3868	184
4038	184
4360	184
4748	184
5478	184
5648	184
6026	184
6106	184
6366	184
7030	184
7627	184
7801	184
7942	184
348	185
520	185
536	185
837	185
1109	185
1217	185
1649	185
2672	185
2953	185
3253	185
3719	185
4033	185
4333	185
5183	185
6061	185
6548	185
7093	185
7129	185
7497	185
7720	185
8323	185
8385	185
8561	185
8596	185
8749	185
8839	185
8862	185
8976	185
507	186
790	186
1023	186
2130	186
2181	186
2205	186
2800	186
3041	186
3219	186
3523	186
3978	186
4420	186
4459	186
4504	186
4572	186
4826	186
5011	186
5424	186
5439	186
5507	186
5688	186
5881	186
5904	186
6207	186
6615	186
7594	186
7634	186
7792	186
7830	186
8402	186
8463	186
8499	186
8654	186
8886	186
8959	186
9130	186
9652	186
9653	186
9656	186
9732	186
9775	186
9825	186
9890	186
9905	186
9958	186
440	187
617	187
786	187
2266	187
2406	187
2865	187
3269	187
3307	187
3636	187
3682	187
3746	187
3785	187
3912	187
4526	187
4856	187
5595	187
5798	187
6680	187
7017	187
7301	187
7902	187
7914	187
185	188
560	188
700	188
853	188
1231	188
1515	188
1607	188
1690	188
1860	188
2178	188
2402	188
2481	188
2525	188
2590	188
2611	188
3258	188
3365	188
3417	188
3996	188
4198	188
4302	188
4566	188
4580	188
4627	188
5223	188
5416	188
5533	188
5776	188
5958	188
6063	188
6158	188
6304	188
6546	188
6664	188
7383	188
7586	188
8743	188
9014	188
9047	188
9252	188
9358	188
9437	188
9917	188
9925	188
283	189
344	189
1124	189
1386	189
1396	189
1422	189
1500	189
1989	189
2390	189
2513	189
3437	189
3776	189
3892	189
3940	189
3944	189
3972	189
4862	189
4870	189
5161	189
5357	189
5845	189
5956	189
6081	189
6409	189
7026	189
7177	189
7745	189
8313	189
8387	189
8468	189
8709	189
8712	189
8721	189
8991	189
9078	189
9396	189
443	190
466	190
482	190
635	190
661	190
888	190
961	190
1182	190
1462	190
1902	190
2963	190
3094	190
3189	190
3551	190
3887	190
4183	190
4296	190
4775	190
5137	190
5824	190
5993	190
6969	190
7320	190
7979	190
8043	190
8487	190
239	191
701	191
908	191
1117	191
1324	191
1637	191
1795	191
2422	191
3530	191
3674	191
3762	191
4136	191
4176	191
4685	191
5090	191
5996	191
6359	191
6739	191
7034	191
7698	191
7699	191
8040	191
8067	191
8099	191
8540	191
8683	191
8837	191
29	192
646	192
673	192
716	192
784	192
1050	192
1535	192
2399	192
2872	192
3034	192
4568	192
4818	192
4855	192
5445	192
5455	192
5905	192
6096	192
6151	192
6520	192
7759	192
7816	192
7988	192
8068	192
8535	192
552	193
1010	193
1035	193
1294	193
1375	193
1547	193
1757	193
1765	193
2021	193
3052	193
3502	193
3637	193
3640	193
3782	193
4406	193
4496	193
4542	193
4562	193
5127	193
5215	193
5385	193
5659	193
5838	193
5888	193
6292	193
6531	193
6532	193
6936	193
6975	193
7201	193
7356	193
7793	193
7996	193
8970	193
9106	193
9261	193
9326	193
9360	193
9423	193
948	194
1573	194
2297	194
2361	194
2442	194
2670	194
4696	194
5086	194
5382	194
5723	194
6028	194
6379	194
6593	194
6682	194
6839	194
7069	194
7162	194
7442	194
7911	194
7931	194
7980	194
8160	194
8374	194
562	195
760	195
1288	195
1364	195
1760	195
2671	195
3421	195
3431	195
4096	195
4235	195
4737	195
5076	195
5277	195
5795	195
6104	195
6311	195
6389	195
6540	195
6617	195
6635	195
6649	195
37	196
49	196
1002	196
1709	196
2293	196
3341	196
3501	196
3533	196
3671	196
3731	196
3871	196
3891	196
4378	196
4982	196
4995	196
5778	196
6354	196
6619	196
7039	196
7486	196
7899	196
7916	196
304	197
558	197
675	197
998	197
1716	197
1768	197
1928	197
2223	197
2242	197
3428	197
3772	197
4256	197
4422	197
4791	197
5044	197
5842	197
6110	197
6225	197
6665	197
6742	197
7217	197
7374	197
7438	197
7807	197
7962	197
8017	197
8020	197
8521	197
8657	197
8690	197
8741	197
8935	197
9377	197
9458	197
9510	197
9525	197
9566	197
9673	197
9697	197
712	198
1132	198
1134	198
1290	198
1701	198
1828	198
2031	198
2480	198
2509	198
2984	198
3914	198
4629	198
4708	198
4805	198
5008	198
5055	198
5165	198
5970	198
6510	198
6603	198
6811	198
6812	198
7040	198
7108	198
7868	198
8061	198
8707	198
8764	198
8986	198
9004	198
9161	198
9257	198
9328	198
9402	198
9411	198
9442	198
884	199
1029	199
1444	199
1991	199
3298	199
4234	199
4714	199
4795	199
5386	199
5663	199
5913	199
6032	199
6464	199
6704	199
6744	199
6775	199
7547	199
7794	199
7861	199
7895	199
368	200
672	200
897	200
1021	200
1397	200
1428	200
1475	200
1694	200
1696	200
1774	200
2289	200
2337	200
2904	200
3704	200
4131	200
4193	200
4616	200
5212	200
5246	200
5410	200
5470	200
6527	200
7200	200
7337	200
8163	200
8227	200
8318	200
8530	200
8620	200
8947	200
9223	200
1470	201
1851	201
1874	201
1938	201
2088	201
2157	201
2216	201
2220	201
2256	201
2548	201
2709	201
2972	201
3069	201
3116	201
3670	201
3773	201
3953	201
4019	201
4135	201
4339	201
4915	201
4944	201
5604	201
7133	201
7155	201
7828	201
8140	201
8203	201
8443	201
8564	201
8825	201
8894	201
8949	201
9077	201
9431	201
9514	201
9573	201
9735	201
9756	201
9765	201
9803	201
9846	201
9873	201
223	202
322	202
629	202
890	202
1220	202
2100	202
2502	202
2507	202
2789	202
2821	202
2903	202
3747	202
3855	202
4000	202
4293	202
4675	202
5111	202
5199	202
5236	202
5285	202
5328	202
5397	202
5462	202
5939	202
5990	202
6433	202
6644	202
7183	202
7352	202
7371	202
7873	202
8006	202
8031	202
8108	202
8245	202
8368	202
8520	202
8820	202
8846	202
8867	202
8983	202
9229	202
9292	202
9316	202
9451	202
9627	202
9645	202
9702	202
9996	202
55	203
499	203
663	203
977	203
1870	203
2843	203
3028	203
3279	203
3366	203
3598	203
4584	203
4612	203
4625	203
4720	203
6107	203
6525	203
6793	203
6794	203
7127	203
7219	203
7743	203
7811	203
7908	203
7991	203
7994	203
8190	203
8388	203
8512	203
599	204
1272	204
1668	204
1717	204
2521	204
2939	204
3666	204
3700	204
3703	204
3934	204
4671	204
4978	204
5032	204
5136	204
5740	204
6210	204
6281	204
6365	204
6884	204
7679	204
7827	204
7947	204
493	205
870	205
1011	205
1164	205
1330	205
1645	205
2533	205
2699	205
2906	205
3642	205
3759	205
3880	205
4669	205
4729	205
5241	205
5403	205
6638	205
6818	205
6914	205
7185	205
7751	205
8022	205
8113	205
8340	205
8369	205
8784	205
15	206
93	206
98	206
1202	206
1255	206
1614	206
1893	206
2034	206
2083	206
2586	206
2613	206
2850	206
2965	206
3392	206
3573	206
4703	206
5282	206
5283	206
6034	206
6072	206
6424	206
7041	206
7196	206
7221	206
7487	206
7580	206
7826	206
8024	206
8659	206
8990	206
1287	207
2221	207
2315	207
2459	207
2470	207
2581	207
2754	207
3137	207
3326	207
3885	207
4077	207
4153	207
4668	207
4796	207
5280	207
5295	207
5323	207
5456	207
5701	207
6065	207
6536	207
6892	207
7153	207
7591	207
7667	207
7717	207
8059	207
8157	207
8446	207
8975	207
9211	207
284	208
621	208
1066	208
1091	208
1213	208
1342	208
1413	208
1453	208
1560	208
2153	208
2309	208
2515	208
2684	208
2932	208
3256	208
3941	208
4258	208
5333	208
5417	208
5489	208
5840	208
6274	208
6558	208
6641	208
6896	208
7495	208
7997	208
8746	208
8849	208
9045	208
62	209
73	209
174	209
397	209
832	209
841	209
1378	209
1417	209
1679	209
2824	209
3149	209
3758	209
4344	209
4557	209
4738	209
4761	209
4932	209
4980	209
5230	209
5986	209
6399	209
6547	209
6870	209
7212	209
7824	209
7831	209
8357	209
8568	209
8751	209
417	210
746	210
844	210
944	210
1601	210
1662	210
2401	210
2412	210
2418	210
2419	210
2610	210
2662	210
2775	210
2944	210
3164	210
3227	210
3238	210
3616	210
3962	210
4362	210
5679	210
5868	210
6610	210
6891	210
6918	210
7295	210
7484	210
8134	210
8438	210
8681	210
8754	210
8865	210
8872	210
8902	210
144	211
492	211
942	211
2023	211
2263	211
2316	211
2676	211
3276	211
3451	211
3558	211
3634	211
3863	211
3951	211
4063	211
4485	211
5558	211
5617	211
5847	211
6140	211
6198	211
6344	211
6551	211
6581	211
6822	211
6846	211
7088	211
7253	211
7355	211
7378	211
7850	211
7893	211
7986	211
8430	211
9126	211
9311	211
625	212
1657	212
2043	212
2571	212
2833	212
3359	212
3946	212
4022	212
4073	212
4095	212
4461	212
4488	212
4538	212
4649	212
5504	212
5741	212
5921	212
6042	212
6495	212
6875	212
7158	212
7519	212
7741	212
7846	212
7981	212
8128	212
8147	212
8533	212
68	213
201	213
533	213
654	213
972	213
1121	213
1804	213
2400	213
2564	213
2686	213
2756	213
3522	213
3592	213
4014	213
4152	213
4484	213
4693	213
4977	213
4990	213
5016	213
5487	213
5573	213
5640	213
5998	213
6202	213
6816	213
6842	213
6982	213
7187	213
7492	213
7534	213
7570	213
8211	213
8733	213
8942	213
9067	213
9283	213
9549	213
9560	213
9672	213
9699	213
9707	213
9759	213
9964	213
9969	213
9971	213
9977	213
361	214
616	214
671	214
923	214
997	214
1919	214
2186	214
2416	214
2661	214
3376	214
3400	214
3527	214
3534	214
4407	214
4531	214
4600	214
4897	214
4902	214
5599	214
5671	214
5903	214
6415	214
6723	214
7440	214
7482	214
7491	214
7665	214
8168	214
1058	215
1296	215
1383	215
2111	215
2770	215
2959	215
3647	215
3995	215
4922	215
5588	215
6073	215
6236	215
6375	215
6382	215
6437	215
6516	215
6668	215
6738	215
7180	215
7259	215
7341	215
8120	215
615	216
812	216
982	216
994	216
1041	216
1160	216
1980	216
2288	216
2446	216
2755	216
2952	216
3212	216
3415	216
4541	216
4949	216
5307	216
5518	216
6070	216
7397	216
7658	216
36	217
130	217
575	217
999	217
1125	217
1498	217
1966	217
2123	217
2396	217
2545	217
2700	217
3053	217
3299	217
3435	217
4481	217
6841	217
7053	217
7062	217
7091	217
7160	217
7881	217
8115	217
8410	217
21	218
413	218
738	218
992	218
1028	218
1349	218
1549	218
1963	218
2235	218
2352	218
2806	218
2930	218
3122	218
3217	218
4564	218
4838	218
5401	218
5466	218
5864	218
5922	218
6141	218
7317	218
7483	218
8264	218
8277	218
8391	218
8560	218
8627	218
8994	218
50	219
85	219
393	219
483	219
741	219
868	219
945	219
1398	219
1490	219
1619	219
1755	219
2054	219
2243	219
2751	219
2777	219
2881	219
3104	219
3599	219
4227	219
4443	219
5786	219
6219	219
6259	219
6411	219
6731	219
7144	219
7305	219
7789	219
8220	219
8400	219
8413	219
8996	219
9178	219
9393	219
9482	219
9596	219
9628	219
9689	219
9762	219
9816	219
9844	219
9884	219
9887	219
9910	219
13	220
1648	220
1751	220
2286	220
2547	220
3051	220
3349	220
3370	220
3411	220
3503	220
3651	220
4100	220
4291	220
4335	220
4884	220
4931	220
5413	220
5562	220
5620	220
5983	220
6048	220
6177	220
6478	220
6700	220
6860	220
7073	220
7770	220
7810	220
7857	220
7866	220
7869	220
8216	220
8824	220
9108	220
9121	220
9412	220
9422	220
9457	220
9750	220
9835	220
9869	220
9874	220
9908	220
9919	220
9966	220
268	221
1031	221
1191	221
1432	221
1896	221
2226	221
3389	221
3550	221
3621	221
3842	221
4124	221
4486	221
4573	221
5379	221
6721	221
6796	221
6881	221
7031	221
7122	221
7242	221
7249	221
7254	221
7293	221
7403	221
8241	221
8247	221
8608	221
8630	221
158	222
894	222
1082	222
1146	222
1365	222
1840	222
1912	222
2131	222
2218	222
2544	222
2640	222
2912	222
3065	222
3545	222
3603	222
4221	222
4311	222
4421	222
4501	222
4734	222
4853	222
5113	222
5312	222
5538	222
5833	222
6180	222
7546	222
7904	222
7971	222
8192	222
8329	222
8646	222
8725	222
8934	222
9149	222
9383	222
9535	222
9629	222
9648	222
9755	222
181	223
406	223
648	223
845	223
1162	223
1221	223
1879	223
2334	223
2336	223
2358	223
2557	223
2945	223
4192	223
4322	223
4444	223
4843	223
4881	223
4967	223
5752	223
5761	223
5882	223
5995	223
6261	223
6282	223
6413	223
6461	223
6804	223
7280	223
7416	223
7755	223
7905	223
7928	223
8383	223
8626	223
8785	223
8915	223
9046	223
9185	223
9191	223
9217	223
9280	223
9421	223
9868	223
9871	223
177	224
293	224
329	224
795	224
840	224
912	224
1249	224
2196	224
2464	224
2812	224
3009	224
3840	224
4371	224
5209	224
5962	224
5988	224
6317	224
6585	224
6633	224
6755	224
6905	224
7364	224
7463	224
8027	224
8268	224
8417	224
8545	224
8581	224
8708	224
8895	224
767	225
878	225
1130	225
1610	225
1686	225
1843	225
1997	225
2177	225
2483	225
2915	225
2994	225
3699	225
3833	225
3937	225
4116	225
4680	225
5198	225
5544	225
6113	225
6271	225
6335	225
6337	225
6490	225
6810	225
8111	225
8603	225
8840	225
241	226
569	226
670	226
719	226
781	226
902	226
1665	226
1982	226
1996	226
2555	226
3006	226
3138	226
3799	226
4012	226
4091	226
5049	226
5989	226
6006	226
6069	226
6152	226
6407	226
6592	226
7013	226
7186	226
7262	226
7951	226
8106	226
8291	226
8346	226
9056	226
9189	226
9196	226
549	227
606	227
622	227
691	227
794	227
1719	227
1906	227
1929	227
1962	227
2523	227
2758	227
3203	227
3465	227
4756	227
4772	227
5715	227
5727	227
6014	227
6059	227
6078	227
107	228
117	228
346	228
709	228
740	228
828	228
1178	228
1211	228
2247	228
2339	228
2353	228
2739	228
2991	228
3295	228
3472	228
4921	228
5034	228
5407	228
5708	228
5774	228
5999	228
6117	228
7104	228
7468	228
8298	228
8853	228
8966	228
9166	228
9186	228
9241	228
9290	228
191	229
787	229
1798	229
2246	229
2357	229
2376	229
3612	229
3869	229
4205	229
4739	229
4835	229
5062	229
5605	229
6338	229
6761	229
6945	229
7284	229
7414	229
7673	229
7918	229
200	230
820	230
914	230
1777	230
1922	230
2182	230
2379	230
2428	230
2430	230
3221	230
3806	230
4626	230
4697	230
4711	230
4912	230
5039	230
5195	230
6045	230
6459	230
6503	230
6591	230
6934	230
7945	230
8122	230
8580	230
8613	230
8796	230
8819	230
978	231
1187	231
1260	231
1301	231
1844	231
2328	231
2498	231
3532	231
3865	231
3893	231
4270	231
4679	231
5214	231
5402	231
5411	231
5645	231
5753	231
5867	231
6209	231
6714	231
7055	231
7078	231
7752	231
8150	231
8204	231
8355	231
8471	231
8583	231
8621	231
8730	231
9002	231
9037	231
9184	231
145	232
609	232
754	232
1338	232
1935	232
2011	232
2474	232
2614	232
3554	232
3559	232
3824	232
3977	232
4102	232
4188	232
4692	232
4810	232
4864	232
5154	232
5310	232
5618	232
5777	232
6001	232
6310	232
6990	232
7420	232
7740	232
7863	232
8265	232
8677	232
8907	232
8955	232
9101	232
9414	232
9418	232
9616	232
9658	232
9674	232
9679	232
9688	232
631	233
882	233
1936	233
2142	233
2287	233
2849	233
3210	233
3330	233
3347	233
3514	233
3595	233
4050	233
4201	233
4726	233
4846	233
4868	233
4872	233
5120	233
5306	233
5311	233
5356	233
5615	233
6258	233
6303	233
6747	233
7299	233
7479	233
7700	233
8781	233
8818	233
8857	233
545	234
723	234
2013	234
2093	234
2501	234
2630	234
2993	234
3165	234
3314	234
3315	234
3394	234
3466	234
3676	234
4401	234
4848	234
4910	234
5009	234
5129	234
6450	234
7001	234
7585	234
8097	234
8193	234
8312	234
8686	234
8696	234
550	235
651	235
920	235
1065	235
1166	235
1227	235
1285	235
1317	235
1810	235
2146	235
2240	235
2556	235
2725	235
2936	235
3126	235
3886	235
4294	235
4655	235
4828	235
5451	235
5747	235
6082	235
7353	235
7705	235
8237	235
8348	235
8528	235
8871	235
8923	235
9148	235
9218	235
9255	235
9291	235
9394	235
9461	235
9502	235
9554	235
9555	235
9619	235
9820	235
9831	235
9877	235
364	236
842	236
1505	236
1613	236
2451	236
2595	236
2810	236
3059	236
3584	236
3819	236
4981	236
5031	236
5376	236
5492	236
5880	236
6368	236
6605	236
6622	236
6777	236
6857	236
6941	236
7406	236
7572	236
7787	236
8173	236
8246	236
8251	236
8272	236
8897	236
8974	236
9003	236
164	237
1153	237
1366	237
1829	237
2044	237
2466	237
2791	237
2860	237
2976	237
3191	237
3338	237
3474	237
3528	237
3562	237
3600	237
3753	237
3803	237
3943	237
4055	237
4277	237
4417	237
5254	237
6102	237
6457	237
6828	237
6829	237
7338	237
7649	237
8466	237
8508	237
8901	237
9017	237
9265	237
9404	237
9481	237
9534	237
111	238
129	238
1141	238
1412	238
2103	238
2864	238
3077	238
3635	238
3744	238
4018	238
4143	238
4337	238
4554	238
4559	238
4635	238
5052	238
5196	238
5318	238
5418	238
5547	238
5642	238
5681	238
5754	238
5947	238
7156	238
7188	238
7424	238
7671	238
7788	238
8066	238
8200	238
8233	238
8347	238
9180	238
9420	238
9428	238
9498	238
9507	238
9528	238
9550	238
9630	238
9677	238
9761	238
9797	238
9799	238
9818	238
9909	238
9943	238
9955	238
374	239
525	239
660	239
697	239
1165	239
1605	239
2298	239
2314	239
2456	239
2637	239
2855	239
3443	239
3696	239
3783	239
3866	239
4178	239
4592	239
4678	239
4683	239
5003	239
5046	239
5132	239
5151	239
5377	239
5637	239
5772	239
5810	239
6342	239
6594	239
6666	239
7049	239
7471	239
7592	239
7708	239
8029	239
8632	239
8664	239
8861	239
9174	239
9320	239
9399	239
9654	239
9882	239
527	240
757	240
789	240
1000	240
1362	240
1577	240
1868	240
2156	240
2409	240
3110	240
3956	240
3966	240
4588	240
4631	240
4771	240
4794	240
5225	240
5235	240
6427	240
6735	240
6784	240
6963	240
7384	240
7425	240
7514	240
7777	240
7782	240
7910	240
7959	240
8178	240
8399	240
8502	240
8876	240
8978	240
9243	240
9274	240
9429	240
9519	240
9538	240
9584	240
9737	240
9749	240
9815	240
238	241
798	241
1199	241
1250	241
1279	241
1431	241
1956	241
1957	241
2506	241
2598	241
3140	241
3236	241
3242	241
3590	241
4483	241
5074	241
5260	241
5332	241
5481	241
5666	241
5955	241
6086	241
6221	241
6451	241
6773	241
6801	241
6869	241
6954	241
7283	241
7616	241
7648	241
7736	241
8016	241
8676	241
8756	241
8776	241
8812	241
8918	241
9031	241
9176	241
9381	241
9605	241
9777	241
9893	241
9897	241
9903	241
9934	241
160	242
167	242
749	242
1823	242
2050	242
2310	242
2561	242
3109	242
3202	242
3730	242
3831	242
4082	242
4125	242
4299	242
5789	242
6146	242
6559	242
6588	242
7047	242
7568	242
7726	242
7760	242
8289	242
8476	242
8693	242
601	243
688	243
776	243
1408	243
1627	243
1931	243
1977	243
2098	243
2497	243
2527	243
2885	243
3293	243
3593	243
3779	243
3843	243
4120	243
4595	243
4691	243
4785	243
5271	243
6054	243
6504	243
6872	243
7681	243
8048	243
8327	243
8536	243
8549	243
8665	243
8827	243
9129	243
9132	243
9156	243
9483	243
9493	243
9572	243
9576	243
9716	243
9757	243
9763	243
101	244
115	244
376	244
1910	244
2071	244
2346	244
2697	244
3657	244
3902	244
3949	244
4202	244
4213	244
5082	244
5100	244
5135	244
5284	244
5441	244
5523	244
6060	244
6353	244
7331	244
7885	244
213	245
713	245
951	245
1080	245
1351	245
1964	245
2029	245
2494	245
2941	245
3002	245
3281	245
3568	245
4098	245
4770	245
4893	245
4985	245
5158	245
5167	245
5211	245
5255	245
6128	245
6156	245
7840	245
8154	245
8394	245
69	246
243	246
717	246
899	246
1155	246
1385	246
1749	246
1930	246
2037	246
2110	246
2280	246
2407	246
2488	246
2633	246
2834	246
2933	246
2957	246
3087	246
3339	246
3405	246
3777	246
3820	246
4543	246
4836	246
5095	246
5493	246
5498	246
5564	246
6057	246
6529	246
7287	246
8001	246
8509	246
8650	246
8842	246
9073	246
9157	246
9197	246
9306	246
9541	246
9578	246
9683	246
9700	246
9701	246
9731	246
9794	246
9819	246
9915	246
9979	246
186	247
732	247
883	247
1111	247
1344	247
1553	247
1863	247
2210	247
2231	247
2281	247
2394	247
2679	247
2982	247
3325	247
3959	247
4644	247
5408	247
5885	247
6127	247
6149	247
6277	247
6331	247
6543	247
6750	247
7496	247
8578	247
8660	247
8692	247
9112	247
9170	247
9225	247
140	248
277	248
294	248
378	248
739	248
1818	248
3481	248
3679	248
3839	248
4238	248
4321	248
4523	248
4661	248
5000	248
5350	248
5730	248
5799	248
6178	248
6687	248
7171	248
22	249
109	249
162	249
571	249
595	249
935	249
1007	249
1780	249
1885	249
1898	249
2653	249
3922	249
3957	249
3958	249
4037	249
5291	249
5758	249
5951	249
6395	249
7101	249
7228	249
7805	249
8279	249
149	250
585	250
613	250
626	250
724	250
1014	250
1030	250
1156	250
1578	250
1825	250
3005	250
3125	250
3196	250
3241	250
3430	250
3453	250
4211	250
4514	250
4999	250
5878	250
6150	250
6270	250
6524	250
6658	250
204	251
705	251
892	251
960	251
973	251
1123	251
1445	251
1746	251
2248	251
2392	251
2887	251
3049	251
3264	251
3594	251
3654	251
3715	251
4114	251
4184	251
4352	251
5826	251
6122	251
6458	251
6894	251
7606	251
7725	251
8309	251
8498	251
8585	251
46	252
421	252
1059	252
1230	252
1241	252
1687	252
2129	252
2267	252
2397	252
2905	252
2928	252
2971	252
3464	252
3661	252
3899	252
3904	252
4243	252
4702	252
6208	252
6877	252
7318	252
7597	252
151	253
170	253
640	253
983	253
1077	253
1098	253
1158	253
1509	253
1714	253
2948	253
3156	253
3215	253
3476	253
3800	253
3980	253
4808	253
5841	253
5896	253
6181	253
6489	253
6499	253
6713	253
6726	253
7306	253
7525	253
7864	253
8682	253
8858	253
218	254
324	254
1210	254
1678	254
1745	254
2174	254
2666	254
2677	254
2685	254
2876	254
2909	254
3356	254
3807	254
5343	254
6090	254
6094	254
6211	254
6441	254
6883	254
7174	254
7184	254
7663	254
8301	254
8393	254
45	255
295	255
410	255
568	255
783	255
1143	255
1145	255
1234	255
1899	255
1900	255
2552	255
2992	255
3086	255
3089	255
3200	255
3300	255
4179	255
4232	255
4368	255
4426	255
4494	255
4610	255
4746	255
4851	255
5628	255
5653	255
6064	255
6537	255
6621	255
6897	255
7176	255
7409	255
7449	255
7603	255
8037	255
8339	255
8598	255
8926	255
9008	255
9079	255
9469	255
9662	255
9721	255
338	256
429	256
666	256
755	256
1206	256
1395	256
1713	256
3157	256
3538	256
3608	256
3706	256
4056	256
4115	256
4281	256
4315	256
4342	256
4397	256
5025	256
5657	256
5719	256
5912	256
6167	256
6288	256
6669	256
6686	256
7439	256
7796	256
7838	256
7921	256
8382	256
8673	256
8720	256
9321	256
168	257
202	257
266	257
532	257
711	257
1019	257
1656	257
1682	257
1820	257
2086	257
2519	257
2520	257
2862	257
2867	257
2889	257
3039	257
3121	257
5015	257
5017	257
5068	257
5184	257
5431	257
5843	257
5849	257
6025	257
6289	257
6372	257
6609	257
6685	257
6889	257
7813	257
7836	257
8278	257
8595	257
9530	257
9571	257
9610	257
9614	257
9718	257
489	258
796	258
926	258
1174	258
1256	258
1494	258
1873	258
1881	258
1971	258
2741	258
3035	258
3282	258
3448	258
3852	258
3930	258
4469	258
4889	258
4929	258
5138	258
5345	258
5924	258
6010	258
6431	258
6553	258
6899	258
6991	258
7773	258
7934	258
8018	258
8054	258
8093	258
8198	258
8815	258
9085	258
9307	258
9433	258
9492	258
517	259
804	259
1254	259
1304	259
1604	259
2163	259
3308	259
3479	259
3597	259
4290	259
4381	259
4518	259
4555	259
5006	259
5041	259
5322	259
5549	259
6637	259
6776	259
7137	259
7391	259
7587	259
7966	259
1369	260
1539	260
1615	260
1946	260
2667	260
2722	260
2743	260
2966	260
3222	260
3695	260
3884	260
3903	260
4087	260
4229	260
4268	260
4287	260
4338	260
4489	260
4992	260
5454	260
5601	260
6005	260
6313	260
6501	260
6696	260
6885	260
7204	260
7985	260
8408	260
8969	260
4	261
387	261
685	261
891	261
2024	261
2781	261
2784	261
2910	261
2923	261
2956	261
3228	261
3336	261
3418	261
3487	261
3818	261
4376	261
4429	261
4874	261
5216	261
5347	261
6011	261
6168	261
6643	261
7229	261
7408	261
7783	261
8041	261
8290	261
8672	261
8688	261
8726	261
8782	261
9135	261
9350	261
9579	261
9639	261
9711	261
9745	261
9760	261
9767	261
325	262
342	262
835	262
927	262
1836	262
2114	262
2222	262
2534	262
2631	262
2840	262
3343	262
3707	262
3781	262
3822	262
3835	262
3841	262
3881	262
4356	262
4782	262
4878	262
5442	262
5630	262
6047	262
6226	262
6309	262
6452	262
7513	262
8085	262
8189	262
8507	262
8548	262
8723	262
8724	262
8791	262
8799	262
8917	262
9119	262
9318	262
9508	262
9785	262
9796	262
9823	262
171	263
596	263
1283	263
1392	263
1561	263
1895	263
1976	263
2364	263
2385	263
2708	263
2798	263
3439	263
3701	263
3768	263
3809	263
3926	263
3964	263
4462	263
4590	263
4607	263
5078	263
5699	263
6305	263
6833	263
7435	263
7454	263
7464	263
7579	263
7832	263
8604	263
8671	263
8762	263
8843	263
9105	263
9154	263
9224	263
9386	263
9484	263
9531	263
9556	263
9728	263
9779	263
9918	263
9929	263
9938	263
9954	263
9983	263
119	264
1670	264
1776	264
2455	264
2836	264
2943	264
3517	264
3560	264
3628	264
4519	264
4753	264
4823	264
4979	264
5250	264
5309	264
5633	264
5698	264
5711	264
5765	264
5870	264
6121	264
6435	264
6900	264
6952	264
7312	264
7429	264
8065	264
8481	264
8678	264
8980	264
9006	264
9279	264
9369	264
2	265
939	265
1062	265
1119	265
1452	265
1486	265
1703	265
1718	265
1727	265
2144	265
2594	265
2606	265
3056	265
3152	265
3377	265
3478	265
3823	265
3854	265
4122	265
4393	265
4423	265
5033	265
5352	265
6284	265
6351	265
6655	265
6827	265
6989	265
7488	265
7521	265
7643	265
7703	265
8243	265
8367	265
8526	265
8656	265
9000	265
9169	265
9361	265
9475	265
9669	265
9720	265
9736	265
9855	265
9906	265
9981	265
9982	265
318	266
350	266
375	266
454	266
664	266
1238	266
2075	266
2321	266
2351	266
2796	266
3761	266
4547	266
4695	266
5334	266
5490	266
5501	266
5560	266
6421	266
6932	266
7339	266
7477	266
126	267
531	267
547	267
579	267
583	267
687	267
1133	267
1139	267
1564	267
1726	267
1975	267
2152	267
2170	267
2270	267
2650	267
3096	267
3587	267
3639	267
3756	267
4003	267
4067	267
4295	267
4473	267
4765	267
4768	267
5244	267
5460	267
5521	267
5577	267
6476	267
6564	267
7029	267
7223	267
7731	267
8057	267
8376	267
8504	267
9120	267
9162	267
9210	267
9271	267
9441	267
9479	267
9642	267
39	268
464	268
990	268
1628	268
1652	268
1876	268
1940	268
1992	268
2257	268
2441	268
2621	268
2946	268
3047	268
4527	268
4637	268
4742	268
4876	268
5967	268
6163	268
6325	268
6392	268
6751	268
7247	268
7263	268
7379	268
7566	268
7574	268
7578	268
7849	268
8727	268
8930	268
8953	268
9246	268
9286	268
9293	268
9430	268
9607	268
9631	268
9709	268
668	269
684	269
889	269
989	269
1377	269
1639	269
1702	269
1705	269
1986	269
2115	269
2320	269
2332	269
2585	269
2967	269
3610	269
3680	269
3825	269
4099	269
4379	269
4883	269
5107	269
5205	269
5425	269
5530	269
5825	269
5835	269
5902	269
5933	269
5982	269
6133	269
6320	269
6626	269
7077	269
7533	269
7621	269
7983	269
8753	269
9227	269
9392	269
9602	269
9764	269
9891	269
261	270
469	270
556	270
703	270
966	270
970	270
1644	270
2080	270
2268	270
2435	270
2452	270
3170	270
3688	270
4289	270
4821	270
5027	270
5251	270
5406	270
6703	270
6785	270
7742	270
182	271
383	271
398	271
612	271
1252	271
1442	271
1664	271
2479	271
3401	271
3482	271
3991	271
4159	271
4456	271
4886	271
4952	271
5131	271
5515	271
5535	271
6474	271
6512	271
6640	271
6910	271
7504	271
7553	271
7682	271
7799	271
8162	271
8328	271
8850	271
9213	271
228	272
857	272
1048	272
1291	272
1374	272
1476	272
1759	272
1762	272
2341	272
3353	272
3368	272
3763	272
3801	272
4005	272
4341	272
4414	272
4516	272
4955	272
4961	272
5119	272
5373	272
5751	272
5831	272
6000	272
6242	272
6491	272
6507	272
6574	272
6820	272
7025	272
7370	272
7537	272
7654	272
8636	272
8855	272
9040	272
9206	272
9281	272
178	273
196	273
292	273
418	273
1465	273
1554	273
2258	273
2450	273
3260	273
3574	273
3925	273
4450	273
4609	273
5326	273
6627	273
6745	273
7470	273
7552	273
7844	273
7874	273
7926	273
8158	273
8288	273
8460	273
236	274
587	274
644	274
867	274
1189	274
1297	274
1512	274
1951	274
2378	274
2541	274
2942	274
2951	274
3441	274
3844	274
3989	274
4336	274
5094	274
5304	274
5432	274
5580	274
5808	274
6050	274
6115	274
6683	274
7427	274
7820	274
7913	274
8305	274
8449	274
8680	274
9032	274
9103	274
66	275
112	275
165	275
233	275
422	275
461	275
1024	275
1322	275
1985	275
2858	275
2890	275
2895	275
3646	275
4947	275
5435	275
5643	275
5836	275
6628	275
6815	275
6957	275
7000	275
7110	275
8014	275
8019	275
8084	275
8537	275
8587	275
8616	275
8649	275
8887	275
9152	275
7	276
108	276
714	276
863	276
949	276
1157	276
1499	276
1592	276
1655	276
1689	276
2251	276
2707	276
2712	276
2854	276
2863	276
3457	276
4009	276
4042	276
4156	276
5586	276
5655	276
6231	276
6494	276
6998	276
7315	276
7689	276
7718	276
7750	276
7889	276
8180	276
8354	276
8423	276
8702	276
8822	276
8964	276
9177	276
116	277
354	277
474	277
964	277
1532	277
1974	277
2137	277
2580	277
2794	277
3369	277
3449	277
3541	277
3588	277
3619	277
3830	277
4611	277
4727	277
4762	277
4987	277
5372	277
5802	277
5823	277
5919	277
6301	277
6509	277
7693	277
8623	277
846	278
1106	278
1269	278
1483	278
1583	278
1643	278
1834	278
1888	278
2241	278
2632	278
2829	278
3199	278
3304	278
3397	278
3537	278
4389	278
4447	278
4476	278
4498	278
5256	278
5495	278
5785	278
6066	278
6215	278
6233	278
6849	278
7296	278
7328	278
7385	278
7460	278
7617	278
7867	278
8161	278
8172	278
8325	278
8493	278
8717	278
9276	278
9325	278
9356	278
9529	278
9618	278
9706	278
9743	278
9752	278
9841	278
299	279
351	279
736	279
742	279
2344	279
2411	279
2413	279
2539	279
2710	279
3075	279
3553	279
3668	279
3796	279
4141	279
4451	279
4673	279
5066	279
5105	279
5140	279
5320	279
5344	279
5450	279
5534	279
6691	279
6763	279
7052	279
7324	279
7502	279
7670	279
7825	279
8092	279
8510	279
8745	279
8807	279
9390	279
9567	279
146	280
225	280
242	280
359	280
510	280
860	280
946	280
1060	280
1237	280
1650	280
1681	280
1779	280
2032	280
2040	280
2066	280
2601	280
2658	280
2792	280
3851	280
3918	280
4036	280
4191	280
4716	280
4908	280
5207	280
5706	280
5957	280
6154	280
6904	280
6980	280
7148	280
7285	280
7333	280
7511	280
7544	280
7829	280
8121	280
8588	280
9309	280
9351	280
9500	280
184	281
262	281
280	281
331	281
404	281
468	281
707	281
1025	281
1081	281
1437	281
1585	281
1742	281
2460	281
3175	281
3564	281
3702	281
4591	281
4699	281
4719	281
5001	281
5476	281
5629	281
5791	281
6170	281
6498	281
6565	281
6667	281
6929	281
7045	281
7447	281
7662	281
8114	281
8562	281
8644	281
8772	281
8810	281
9011	281
9201	281
9263	281
9559	281
9582	281
9792	281
9822	281
9838	281
9896	281
9998	281
303	282
600	282
821	282
1150	282
1209	282
1572	282
1781	282
2508	282
3139	282
3889	282
4345	282
4385	282
4465	282
4788	282
5220	282
5367	282
5405	282
5496	282
5557	282
6960	282
7163	282
7292	282
7431	282
7697	282
7769	282
7839	282
8239	282
8331	282
8541	282
8960	282
9001	282
9288	282
9376	282
9438	282
743	283
1588	283
1842	283
2081	283
2150	283
2209	283
2224	283
2511	283
2560	283
2691	283
2989	283
3255	283
3320	283
3547	283
3555	283
3565	283
3900	283
4373	283
4430	283
4704	283
4861	283
4918	283
5695	283
5857	283
6247	283
6252	283
6355	283
7175	283
7222	283
7377	283
7886	283
8351	283
8546	283
8691	283
8698	283
8896	283
8920	283
9090	283
9128	283
9478	283
9717	283
9753	283
9774	283
9834	283
9839	283
9888	283
9923	283
9995	283
227	284
298	284
423	284
1129	284
1334	284
1346	284
1372	284
1611	284
1673	284
1769	284
2318	284
2463	284
2635	284
3061	284
3062	284
3412	284
4199	284
4350	284
4624	284
4689	284
4759	284
5108	284
5278	284
5500	284
5632	284
5692	284
5930	284
6131	284
6214	284
6253	284
6445	284
6483	284
6563	284
6853	284
7130	284
7556	284
7920	284
9159	284
9439	284
9620	284
9741	284
9805	284
141	285
310	285
1084	285
1262	285
1545	285
1739	285
1832	285
1837	285
1853	285
2273	285
2405	285
3064	285
3274	285
3362	285
3393	285
3613	285
3638	285
3724	285
3924	285
4058	285
5133	285
5226	285
5712	285
5800	285
5858	285
6038	285
6097	285
6147	285
6554	285
7095	285
7121	285
7854	285
8219	285
8257	285
8494	285
9114	285
9181	285
9397	285
9432	285
9635	285
9655	285
9778	285
9886	285
9931	285
874	286
1348	286
1448	286
2159	286
3662	286
3709	286
3786	286
4150	286
4247	286
4492	286
4930	286
5228	286
5300	286
5899	286
6600	286
6719	286
6976	286
7019	286
8004	286
8047	286
8185	286
8234	286
8450	286
8464	286
8485	286
137	287
484	287
618	287
793	287
1332	287
1927	287
2377	287
3076	287
3171	287
3458	287
3459	287
3620	287
4165	287
4658	287
5018	287
5463	287
6858	287
6861	287
6871	287
6967	287
7256	287
7735	287
7739	287
1149	288
1513	288
1699	288
2068	288
2102	288
2213	288
2438	288
2668	288
2882	288
2940	288
3095	288
3186	288
3244	288
3331	288
3488	288
3531	288
3923	288
4054	288
4076	288
4172	288
4419	288
4766	288
5166	288
5398	288
5546	288
5606	288
5634	288
5644	288
5694	288
6958	288
6997	288
7456	288
7549	288
7607	288
7685	288
7734	288
8224	288
8260	288
8559	288
9501	288
9680	288
9698	288
9726	288
9754	288
9769	288
9812	288
9850	288
9936	288
9947	288
379	289
636	289
656	289
725	289
858	289
931	289
1932	289
2307	289
2645	289
2879	289
3098	289
3160	289
3601	289
3857	289
4053	289
4537	289
4777	289
5750	289
6099	289
6906	289
6995	289
7288	289
7300	289
7489	289
7943	289
8212	289
8270	289
8711	289
8732	289
8744	289
8758	289
8945	289
394	290
722	290
727	290
1384	290
1501	290
1620	290
2526	290
2607	290
2988	290
3054	290
3410	290
3462	290
3518	290
4017	290
4046	290
4313	290
4563	290
5764	290
5872	290
6101	290
6740	290
6924	290
7197	290
7231	290
7309	290
7472	290
7878	290
8086	290
8275	290
8556	290
8652	290
8829	290
8832	290
8841	290
9057	290
9426	290
9440	290
9725	290
9857	290
9860	290
9920	290
9930	290
9933	290
9939	290
9963	290
9970	290
9989	290
540	291
827	291
2227	291
2395	291
2437	291
2638	291
2681	291
2962	291
3223	291
3367	291
3913	291
4365	291
4520	291
4596	291
4709	291
4896	291
5083	291
5433	291
6318	291
6618	291
6657	291
6676	291
6943	291
7611	291
7637	291
7721	291
7790	291
7995	291
8116	291
8223	291
8365	291
8398	291
8437	291
8718	291
8954	291
9385	291
9443	291
9601	291
382	292
551	292
580	292
1421	292
1472	292
1658	292
2108	292
2902	292
3072	292
3352	292
3967	292
4154	292
4231	292
4919	292
5625	292
5714	292
5987	292
6098	292
7044	292
7618	292
7795	292
7819	292
8023	292
8547	292
8553	292
260	293
343	293
373	293
620	293
1328	293
1556	293
1813	293
2726	293
4545	293
4659	293
4934	293
4966	293
5469	293
5567	293
5609	293
6118	293
7106	293
7316	293
7389	293
7564	293
7771	293
8294	293
8426	293
388	294
658	294
1439	294
2014	294
2025	294
2062	294
2646	294
2990	294
3090	294
3128	294
3414	294
3630	294
3774	294
3970	294
4305	294
5002	294
5084	294
5428	294
5540	294
5853	294
6142	294
6143	294
6456	294
7107	294
7264	294
7443	294
7601	294
8304	294
8454	294
267	295
336	295
546	295
936	295
1053	295
1203	295
1427	295
1770	295
2275	295
2393	295
2664	295
3324	295
3907	295
3976	295
4144	295
4189	295
4329	295
4431	295
4622	295
5269	295
5465	295
5716	295
5850	295
5945	295
6560	295
6577	295
7984	295
8159	295
8380	295
8787	295
8814	295
9051	295
9060	295
9111	295
9237	295
9304	295
63	296
81	296
211	296
289	296
355	296
731	296
748	296
1087	296
1175	296
1379	296
1793	296
2238	296
2425	296
2475	296
2529	296
2828	296
2925	296
3044	296
4034	296
4186	296
4203	296
4643	296
4793	296
5383	296
5393	296
5578	296
5665	296
5871	296
5997	296
6557	296
6648	296
6679	296
7098	296
7548	296
8089	296
8091	296
8214	296
8428	296
8480	296
8586	296
9245	296
9247	296
9378	296
9593	296
9883	296
9927	296
206	297
288	297
1026	297
1587	297
1712	297
2128	297
2244	297
2559	297
2802	297
2996	297
3687	297
3960	297
4020	297
4026	297
4278	297
4453	297
5351	297
6046	297
6126	297
6388	297
6951	297
7124	297
7302	297
7423	297
7728	297
7767	297
8169	297
8479	297
56	298
230	298
597	298
792	298
1360	298
1511	298
1796	298
1817	298
2388	298
2414	298
2461	298
3309	298
3911	298
4025	298
4084	298
4707	298
5270	298
6362	298
6916	298
6953	298
6968	298
7035	298
7086	298
7266	298
7411	298
8320	298
8336	298
8389	298
8574	298
8729	298
8811	298
8914	298
9009	298
9192	298
9472	298
9480	298
9570	298
9598	298
97	299
449	299
849	299
1169	299
1257	299
1389	299
1474	299
2190	299
2478	299
2563	299
2841	299
3172	299
3340	299
3467	299
4173	299
4712	299
4721	299
5185	299
6074	299
6328	299
6466	299
6671	299
7097	299
8322	299
8524	299
59	300
76	300
237	300
501	300
1194	300
1924	300
2434	300
2558	300
2759	300
2774	300
2848	300
3178	300
3906	300
4043	300
4223	300
5028	300
5943	300
6492	300
6890	300
7161	300
8317	300
8345	300
1114	301
1170	301
2292	301
2338	301
2549	301
2612	301
4015	301
4168	301
4264	301
4713	301
4745	301
4787	301
5064	301
5067	301
5365	301
6139	301
6446	301
7478	301
7535	301
7647	301
7765	301
8058	301
8176	301
8284	301
332	302
2095	302
2322	302
2454	302
2473	302
2616	302
2891	302
3017	302
3239	302
4374	302
5050	302
5449	302
5545	302
5908	302
6160	302
7007	302
7134	302
7154	302
7551	302
7723	302
7967	302
131	303
192	303
833	303
1295	303
1612	303
2082	303
2172	303
2277	303
2445	303
2476	303
2565	303
2740	303
3127	303
3581	303
3735	303
3789	303
3987	303
4334	303
4387	303
4948	303
6145	303
6255	303
6497	303
6706	303
6866	303
7346	303
7401	303
7526	303
7974	303
8038	303
8286	303
8300	303
8765	303
9222	303
9487	303
9509	303
9622	303
557	304
692	304
895	304
943	304
1195	304
1278	304
1367	304
1622	304
2120	304
2492	304
2728	304
3071	304
3151	304
3248	304
3423	304
3469	304
3624	304
3764	304
4425	304
4642	304
4728	304
4820	304
5148	304
5355	304
5543	304
6212	304
6422	304
6434	304
6482	304
6809	304
7215	304
7226	304
7929	304
8044	304
8267	304
8419	304
8798	304
8859	304
8911	304
9133	304
9137	304
9198	304
9691	304
9880	304
9895	304
9911	304
9967	304
9988	304
9994	304
328	305
513	305
628	305
1320	305
2010	305
2259	305
2795	305
3942	305
4210	305
4786	305
4892	305
5115	305
5422	305
6191	305
6257	305
6753	305
7021	305
7257	305
7652	305
7714	305
8083	305
8107	305
8206	305
