1000 6327
0 200
0 164
0 598
0 234
0 734
0 510
0 276
0 145
0 311
1 307
1 662
1 565
1 402
1 34
1 259
1 341
1 559
1 488
1 266
1 847
1 337
1 23
1 139
1 29
1 12
1 109
1 388
1 917
1 163
1 822
1 889
1 322
1 583
1 497
1 261
2 26
2 641
2 140
2 369
2 6
3 108
3 693
3 184
3 454
3 45
3 3
3 89
3 73
3 653
3 506
3 216
3 885
3 953
3 293
3 26
3 374
4 551
4 42
4 678
4 459
4 958
5 727
5 515
5 628
5 785
5 382
5 411
5 860
5 484
5 789
6 866
6 212
6 112
6 618
6 456
6 723
6 710
6 701
6 359
7 402
7 883
7 945
7 969
7 694
7 570
7 600
7 606
8 795
8 518
8 699
8 138
8 445
8 8
8 956
8 995
8 186
8 844
8 675
8 760
9 609
9 509
9 218
9 396
9 141
9 764
9 359
9 511
9 148
9 393
9 89
9 200
9 732
9 777
9 281
10 129
10 123
10 968
10 22
10 382
10 24
10 617
10 80
10 922
10 483
10 159
10 797
11 759
11 556
11 221
11 826
11 747
11 541
11 597
11 205
11 277
11 903
11 343
11 289
11 798
11 840
11 34
11 811
11 253
11 358
12 108
12 224
12 334
12 487
12 584
12 381
12 368
12 697
12 642
12 177
12 12
12 839
12 618
12 240
12 523
12 481
12 633
12 304
12 660
12 81
12 699
12 779
12 531
12 619
12 52
12 726
12 671
12 853
12 664
12 316
12 125
12 509
12 705
13 144
13 447
13 320
13 281
13 96
13 583
13 893
13 525
13 417
13 729
13 585
13 77
13 704
13 576
13 578
13 922
13 981
13 215
13 374
13 107
13 383
13 17
13 567
13 817
13 63
13 424
13 727
13 765
13 644
13 288
13 593
13 752
13 574
13 747
14 572
14 242
14 889
14 217
14 404
14 846
14 723
14 348
14 629
14 621
15 340
15 423
15 746
15 864
15 428
15 980
15 297
15 846
15 723
15 734
15 617
15 944
15 411
15 71
16 346
16 906
16 37
16 621
16 646
16 813
16 972
16 182
16 788
17 651
17 478
17 552
17 888
17 254
17 734
18 804
18 368
18 450
18 849
18 145
18 257
18 913
18 183
18 620
18 248
19 207
19 729
19 360
19 303
19 989
19 311
20 259
20 559
20 917
20 414
20 222
20 964
20 717
20 146
20 328
20 880
21 346
21 338
21 142
21 737
21 192
21 486
21 629
22 168
22 804
22 129
22 234
22 886
22 61
22 676
22 724
22 768
22 380
23 791
23 647
23 519
23 609
23 174
23 112
23 838
23 729
23 596
24 327
24 129
24 391
25 713
25 670
25 181
25 429
25 537
25 64
25 201
25 25
25 675
25 924
25 397
25 227
25 325
25 529
25 697
25 462
25 519
25 320
25 499
25 623
25 627
26 692
26 140
26 543
26 752
26 813
26 889
26 848
26 591
26 501
26 135
26 842
26 491
26 408
26 845
26 369
26 276
26 704
26 361
26 935
26 340
26 141
26 511
27 521
27 131
27 281
27 86
27 392
27 675
27 177
27 764
28 37
28 939
28 180
28 389
28 209
28 304
29 114
29 604
29 146
29 806
29 583
29 133
29 546
29 621
29 830
30 645
30 222
30 766
30 861
30 251
30 740
30 352
30 468
30 464
30 121
30 559
30 114
30 50
30 966
30 756
30 100
30 986
30 866
30 181
30 317
30 394
31 379
31 391
31 233
31 713
31 498
31 462
31 708
31 140
32 877
32 638
32 652
32 673
32 128
33 833
33 987
33 648
33 489
33 741
33 235
33 961
33 250
33 512
33 809
33 540
33 452
33 500
34 463
34 402
34 662
34 948
34 50
34 917
34 634
34 946
34 427
34 999
34 987
34 711
35 833
35 795
35 891
35 569
35 374
35 473
35 322
35 911
35 973
35 963
36 189
36 723
36 777
36 281
36 230
36 86
36 510
36 45
36 371
36 67
36 792
36 338
36 808
37 645
37 866
37 174
37 770
37 705
37 80
37 53
37 718
37 588
37 294
37 243
37 971
37 717
37 604
37 187
37 431
37 970
37 103
37 964
37 976
37 182
37 677
37 97
37 672
37 674
37 772
37 239
37 165
37 911
37 121
37 457
37 656
37 563
37 751
37 393
37 943
37 200
38 923
38 795
38 754
38 199
38 302
38 562
38 580
38 327
38 344
38 87
38 975
39 393
39 538
39 716
39 39
39 756
39 452
39 512
39 622
39 521
39 279
39 803
39 346
39 370
39 674
39 705
39 551
39 774
40 229
40 40
40 909
40 401
40 143
40 162
40 713
40 615
40 692
40 717
40 378
40 207
40 432
40 596
41 353
41 281
41 273
41 278
41 286
41 765
41 744
42 798
42 672
42 296
42 569
42 42
42 376
42 821
42 69
42 551
42 459
42 820
42 762
42 557
42 815
42 207
42 419
42 247
42 844
42 683
42 932
42 188
42 987
42 962
42 566
42 166
42 44
42 455
42 605
42 537
42 754
42 390
42 122
42 441
42 190
42 364
42 278
42 118
42 66
42 947
42 98
42 427
42 663
42 799
42 246
42 234
42 879
42 142
42 497
43 800
43 137
43 399
43 677
43 613
43 943
43 447
43 838
43 200
43 540
44 562
44 75
44 320
44 798
44 672
44 296
44 535
44 552
44 820
44 234
44 879
44 764
44 317
45 986
45 891
45 73
45 434
45 732
45 45
45 693
45 346
45 174
45 457
45 427
45 995
45 806
45 258
45 151
45 657
46 384
46 982
46 518
46 445
46 563
46 368
46 687
46 956
47 743
47 524
47 301
47 627
47 998
47 822
48 817
48 211
48 526
48 534
48 428
48 153
48 250
49 97
49 945
49 906
49 983
49 575
49 49
49 185
49 391
49 970
50 645
50 653
50 662
50 283
50 584
50 904
50 702
50 822
50 340
50 486
50 111
50 913
51 538
51 207
51 196
51 286
51 272
51 977
51 105
51 596
51 744
52 292
52 760
52 615
52 171
52 139
52 919
52 891
52 770
52 754
52 821
52 846
52 279
52 574
53 618
53 399
53 943
53 838
53 947
53 688
53 244
53 199
53 897
53 362
53 583
53 200
53 717
53 103
53 755
53 729
53 358
54 891
54 434
54 54
54 865
54 944
54 896
54 331
54 273
55 538
55 323
55 680
55 55
55 975
55 160
55 792
56 979
56 559
56 67
56 776
56 140
56 940
56 175
56 824
56 672
56 777
56 958
57 725
57 97
57 175
57 806
57 312
57 374
58 866
58 273
58 278
58 160
58 813
58 229
58 78
58 765
58 205
58 156
59 438
59 557
59 730
59 280
59 308
59 250
59 902
60 461
60 755
60 140
60 782
60 175
60 109
60 160
60 998
60 934
60 881
60 790
61 129
61 968
61 926
61 61
61 645
61 616
61 601
61 334
61 820
61 529
61 375
61 321
62 769
62 227
62 910
62 66
62 328
63 292
63 123
63 918
63 713
63 368
63 758
63 717
63 569
63 404
63 846
63 723
63 888
64 898
64 934
64 537
64 924
64 181
64 195
64 64
64 762
64 299
64 398
64 782
64 554
64 708
65 125
65 296
65 569
65 450
65 798
65 490
65 595
65 250
66 909
66 945
66 600
66 859
66 883
66 189
66 245
66 233
66 158
66 360
66 337
66 313
66 541
66 74
66 728
66 353
66 231
66 305
66 199
66 913
67 553
67 244
67 684
67 144
67 983
67 820
67 308
68 923
68 733
68 74
68 575
68 491
68 569
68 207
68 234
68 879
68 620
69 924
69 166
69 296
69 820
69 569
70 434
70 194
70 447
70 140
70 940
70 735
70 296
70 814
71 832
71 185
71 169
71 386
71 328
71 738
71 657
71 501
71 228
71 408
72 923
72 655
72 582
72 751
72 780
73 891
73 434
73 438
73 703
73 89
73 108
73 346
73 73
73 693
73 718
73 954
73 787
73 119
73 225
73 291
73 556
73 103
73 354
73 566
74 285
74 602
74 918
74 570
74 123
74 884
74 600
74 935
74 879
74 374
75 651
75 264
75 119
75 593
75 118
75 821
75 404
76 251
76 677
76 943
76 431
76 200
76 588
76 933
76 729
76 807
76 755
76 102
77 651
77 520
77 606
77 417
77 460
77 729
77 286
78 381
78 140
78 935
78 175
78 735
79 688
79 274
79 774
79 498
79 941
79 282
79 978
79 994
79 261
80 622
80 770
80 943
80 431
80 320
80 838
80 200
80 87
80 604
80 754
80 755
80 331
80 467
80 274
80 690
81 234
81 417
81 843
81 460
81 449
81 878
81 729
81 272
82 344
82 379
82 574
82 583
82 460
82 578
82 908
82 471
82 994
82 218
82 401
82 374
83 825
83 441
83 83
83 640
83 775
84 751
84 154
84 338
84 681
84 158
84 723
84 856
84 408
84 798
85 777
85 808
85 960
85 396
85 437
85 953
85 764
85 273
86 808
86 943
86 665
86 473
87 923
87 580
87 283
87 399
87 931
87 447
87 320
87 113
87 750
87 770
87 715
87 974
87 449
87 755
87 200
87 577
87 842
87 384
87 835
87 395
87 893
87 233
87 753
87 989
87 680
87 460
87 604
87 782
87 437
87 765
87 913
88 184
88 140
88 275
88 784
88 382
89 109
89 862
89 296
89 620
90 166
90 551
90 296
90 435
90 569
90 207
90 469
90 234
91 884
91 914
91 428
91 91
91 813
91 678
92 454
92 184
92 732
92 646
92 357
93 754
93 175
93 93
93 119
93 686
93 873
93 362
93 823
93 323
93 789
93 283
93 658
93 193
93 261
94 986
94 891
94 189
94 656
94 364
94 995
95 352
95 283
95 112
95 512
95 129
95 140
95 798
95 744
96 749
96 192
96 163
96 480
96 109
96 938
97 463
97 593
97 344
97 817
97 97
97 458
97 167
97 900
97 960
97 494
98 121
98 728
98 708
98 863
98 927
98 507
98 768
99 982
99 552
99 726
99 234
99 973
100 945
100 570
100 189
100 353
100 934
100 233
100 245
100 509
100 492
101 602
101 163
101 205
101 963
102 693
102 876
102 472
102 102
102 157
102 699
102 878
102 871
103 677
103 447
103 717
103 821
103 141
103 397
103 721
103 754
103 148
103 209
104 891
104 771
104 677
104 374
104 286
104 147
104 871
104 465
104 679
105 521
105 561
105 652
105 506
105 414
105 888
105 169
106 656
106 423
106 798
106 653
106 115
106 524
107 316
107 334
107 978
107 481
107 689
107 758
107 509
107 160
107 213
108 434
108 438
108 454
108 589
108 910
108 181
108 316
108 943
109 181
109 516
109 109
109 757
109 370
109 825
109 606
109 779
109 912
109 578
109 190
109 250
109 765
109 156
109 829
109 248
110 513
110 773
110 519
110 470
110 957
110 126
110 662
110 293
110 871
111 234
111 904
111 895
111 220
111 111
111 169
111 518
111 586
111 631
112 332
112 138
112 565
112 647
112 174
112 907
112 112
112 249
112 965
112 578
113 393
113 481
113 931
113 943
113 431
113 447
113 705
113 449
113 754
113 798
114 833
114 461
114 660
114 793
114 223
114 644
114 407
114 952
114 460
114 160
114 201
114 808
114 436
114 691
114 792
115 986
115 163
115 551
115 435
115 411
115 329
115 202
115 860
115 484
115 667
115 291
115 985
115 927
115 758
115 669
115 570
116 468
116 685
116 961
116 871
116 235
117 202
117 995
117 914
117 873
117 853
118 264
118 562
118 572
118 901
118 914
118 499
118 772
118 759
118 882
118 811
119 649
119 555
119 416
119 691
119 685
119 388
119 473
120 755
120 769
120 871
120 897
120 599
120 816
120 718
121 898
121 645
121 412
121 216
121 352
121 468
121 766
121 332
121 722
121 342
121 208
121 222
121 862
121 740
121 986
121 772
121 453
121 397
121 344
121 922
121 874
121 535
121 510
121 196
121 234
121 494
122 551
122 846
122 723
122 734
122 617
122 764
122 574
123 647
123 968
123 886
123 755
124 866
124 615
124 755
124 296
124 828
124 248
124 911
125 856
125 771
125 316
125 481
125 387
125 736
125 523
125 839
125 381
125 487
125 224
125 221
125 334
125 368
125 177
125 584
125 194
125 618
125 240
125 642
125 678
125 515
125 517
125 681
125 619
125 130
125 636
125 998
125 855
125 362
125 982
125 795
125 440
125 509
125 920
125 789
126 513
126 773
126 957
126 819
126 470
126 519
126 428
126 894
126 665
126 394
126 251
126 381
126 486
126 155
127 866
127 199
127 192
127 991
127 225
128 717
128 954
128 341
128 422
128 286
128 386
129 382
129 968
129 886
129 926
129 711
129 129
129 849
129 443
129 672
129 662
129 183
129 487
129 771
129 381
129 582
129 961
130 959
130 940
130 166
130 560
130 287
130 911
130 274
130 199
130 406
130 678
131 381
131 449
131 230
131 196
131 281
131 930
131 808
131 448
131 396
131 998
131 836
131 826
131 842
131 539
131 902
131 365
131 852
131 273
132 978
132 808
132 227
132 249
132 546
133 308
133 887
133 582
133 209
133 376
133 678
134 791
134 798
134 545
134 631
134 252
134 541
134 253
135 509
135 320
135 813
135 135
135 532
135 140
135 175
135 877
135 367
135 551
135 843
135 654
136 354
136 672
136 569
136 499
136 890
136 136
136 950
136 803
136 870
136 498
136 748
136 951
136 409
136 924
136 694
136 466
136 480
136 926
136 273
136 237
136 843
136 257
137 549
137 137
137 906
137 607
137 143
137 469
137 144
137 921
137 501
138 413
138 241
138 384
138 518
138 622
138 551
138 956
138 744
139 759
139 934
139 777
139 636
139 652
139 793
139 871
140 580
140 737
140 877
140 769
140 935
140 673
140 881
140 299
140 940
140 140
140 282
140 178
140 175
140 667
140 749
140 752
140 603
140 367
140 325
140 591
140 840
140 584
140 772
140 360
140 810
140 236
140 676
140 717
140 946
140 211
140 398
140 778
140 288
140 686
140 448
140 526
140 547
141 580
141 777
141 230
141 148
141 874
141 281
141 764
141 511
142 923
142 399
142 658
142 505
142 142
142 405
142 616
142 268
142 391
142 932
142 824
142 145
142 877
142 288
142 535
142 192
142 486
142 629
142 887
142 973
143 513
143 956
143 279
143 882
143 370
143 171
143 286
143 336
143 874
144 819
144 575
144 983
144 709
144 906
144 144
144 607
144 222
144 458
144 268
144 788
144 545
144 672
144 505
144 811
144 160
145 509
145 988
145 314
145 145
145 249
145 634
145 712
145 334
145 753
145 322
145 475
146 223
146 316
146 770
146 782
146 367
146 888
146 323
146 673
146 175
146 340
146 846
146 256
147 258
147 988
147 942
147 961
147 871
147 876
147 430
148 274
148 841
148 279
148 528
148 308
148 763
149 778
149 688
149 929
149 770
149 764
149 288
149 933
150 730
150 157
150 154
150 180
151 889
151 656
151 737
151 782
151 507
151 543
151 940
151 877
151 569
152 521
152 152
152 701
153 200
153 504
153 186
153 298
153 198
153 993
153 773
153 869
154 677
154 364
154 681
154 366
154 501
154 258
155 713
155 261
155 751
155 465
156 189
156 871
156 193
156 156
156 565
156 508
156 497
156 185
156 539
157 677
157 471
157 842
157 465
158 927
158 203
158 774
158 951
158 870
158 765
159 466
159 594
159 345
159 159
159 977
160 923
160 609
160 594
160 947
160 374
160 278
160 286
160 938
160 671
160 611
160 654
160 508
160 273
160 311
160 467
160 867
160 879
160 848
160 987
160 827
160 693
160 652
160 797
161 550
161 161
161 612
161 493
161 837
162 279
162 432
162 589
162 871
162 250
163 834
163 402
163 309
163 972
163 721
163 559
163 917
163 488
163 565
163 451
163 266
163 341
163 948
163 283
163 662
163 259
163 847
163 163
163 782
163 680
163 526
163 776
163 247
163 865
163 622
163 678
163 623
163 568
163 754
163 399
163 296
163 744
164 285
164 759
164 771
164 667
164 877
164 752
164 848
164 425
164 829
164 491
164 833
164 614
164 605
164 776
164 313
164 416
164 340
164 374
164 465
165 189
165 165
165 422
165 850
165 443
165 913
166 662
166 588
166 672
166 566
166 730
166 820
166 554
166 557
166 455
166 467
166 247
166 827
166 581
166 821
166 413
166 909
166 229
166 718
166 968
166 967
166 465
166 335
166 180
166 997
166 296
167 923
167 285
167 980
167 424
167 901
167 850
167 597
167 829
167 884
167 327
168 923
168 413
168 593
168 327
168 482
168 817
168 980
168 237
168 610
168 344
168 168
168 315
168 759
168 458
168 226
168 959
168 456
168 573
168 686
168 626
168 926
168 966
168 989
168 341
168 892
168 854
168 755
168 562
168 580
168 987
168 832
169 223
170 882
170 556
170 990
170 901
170 870
171 778
171 653
171 242
171 310
171 817
171 589
171 330
171 615
172 212
172 530
172 254
172 965
172 979
172 886
172 933
172 234
172 558
173 923
173 413
173 742
173 857
173 572
173 580
173 733
173 759
173 769
173 961
174 615
174 492
174 884
174 723
174 257
175 562
175 481
175 667
175 656
175 658
175 282
175 829
175 425
175 325
175 749
175 340
175 178
175 603
175 896
175 491
175 591
175 889
175 737
175 782
175 848
175 230
175 584
175 924
175 668
175 985
175 470
175 745
175 679
175 833
175 195
175 599
175 233
175 492
175 726
175 778
175 286
175 895
175 792
175 738
176 562
176 485
176 517
176 490
176 438
176 921
176 484
177 327
177 593
177 391
177 745
177 316
177 618
177 846
178 580
178 968
178 935
178 603
178 889
178 723
178 674
179 571
179 218
179 219
179 865
179 697
179 858
179 295
179 944
179 674
179 275
180 285
180 615
180 242
180 379
180 481
180 939
180 535
180 273
180 476
181 562
181 216
181 716
181 537
181 924
181 713
181 534
181 181
181 670
181 973
181 490
181 664
181 891
181 473
181 320
181 576
182 618
182 399
182 677
182 500
182 320
182 717
182 541
183 593
183 316
183 729
183 792
183 183
183 578
183 868
183 403
183 213
183 212
184 891
184 434
184 379
184 340
184 234
184 480
185 923
185 707
185 191
185 611
185 982
186 901
186 399
186 501
186 505
187 943
187 947
187 931
187 243
187 776
187 896
187 203
187 569
187 651
187 447
187 838
187 200
187 601
187 755
188 481
188 200
188 667
188 940
188 798
188 672
188 551
188 296
188 569
188 450
188 234
188 879
189 918
189 945
189 624
189 999
189 676
189 600
189 859
189 800
189 885
189 719
189 483
189 728
189 328
189 873
189 500
189 872
189 649
189 353
189 233
189 467
189 582
189 460
190 200
190 367
190 607
190 442
191 703
191 618
191 447
191 723
191 281
191 887
191 269
192 316
192 192
192 480
192 606
192 928
192 809
192 644
192 854
192 486
192 629
193 713
193 667
193 450
193 380
193 665
193 784
193 262
193 973
193 497
194 523
194 316
194 980
194 368
194 381
194 509
194 810
194 296
194 209
195 537
195 924
195 411
195 749
196 351
196 777
196 764
196 899
197 941
197 261
197 442
197 915
197 403
197 849
197 859
197 951
198 667
198 589
198 485
198 423
198 490
198 372
198 817
198 224
198 948
198 730
198 933
198 614
198 202
199 216
199 522
199 274
199 258
199 380
199 308
199 914
199 529
199 237
199 789
199 359
199 545
199 361
199 494
200 399
200 947
200 970
200 997
200 587
200 715
200 243
200 993
200 577
200 718
200 754
200 974
200 943
200 449
200 971
200 677
200 447
200 755
200 863
200 717
200 294
200 750
200 289
200 384
200 511
200 972
200 647
200 219
200 819
200 486
200 866
200 245
200 671
200 497
200 630
200 445
200 669
200 501
200 253
201 580
201 733
201 241
201 615
201 924
201 603
201 423
202 411
202 238
202 406
202 674
202 347
202 353
202 635
202 650
202 995
202 484
203 412
203 673
203 672
203 551
203 569
203 450
203 869
203 589
203 248
204 264
204 923
204 795
204 562
204 580
204 888
204 614
204 593
204 733
204 759
204 860
205 930
205 666
205 205
205 407
205 253
206 320
206 655
206 846
206 820
206 566
206 723
206 734
207 798
207 672
207 551
207 296
207 566
207 962
207 730
207 419
207 806
207 247
207 569
207 726
207 932
207 581
207 545
207 683
207 435
207 999
207 210
207 539
207 506
207 288
207 828
207 735
207 313
207 902
207 398
207 234
207 321
208 645
208 412
208 592
208 670
208 216
208 440
208 771
208 643
208 486
209 399
209 579
209 895
209 220
209 679
209 770
209 631
210 264
210 562
210 327
210 593
210 692
210 344
210 308
211 645
211 342
211 274
211 866
211 433
212 979
212 530
212 599
212 393
212 636
212 906
212 404
212 336
213 775
213 442
213 465
213 915
213 858
213 664
213 689
213 795
214 291
214 550
214 933
214 906
215 819
215 917
215 721
215 368
215 320
215 574
215 843
215 729
215 374
215 276
216 898
216 645
216 332
216 251
216 222
216 866
216 216
216 861
216 468
216 722
216 862
216 936
216 807
216 835
216 749
216 882
216 860
216 802
216 221
216 986
216 352
216 330
216 911
217 479
217 868
217 919
217 303
217 560
217 527
217 876
218 923
218 268
218 782
218 460
218 493
219 645
219 653
219 945
219 574
219 249
220 856
220 884
220 619
220 569
220 631
221 330
221 771
221 316
221 633
221 551
221 576
221 784
221 481
221 368
221 758
221 509
221 617
222 645
222 986
222 866
222 340
222 695
223 660
223 833
223 952
223 241
223 491
224 387
224 771
224 523
224 316
224 334
224 978
224 481
224 618
224 368
224 381
224 509
224 899
225 901
225 344
225 956
225 778
225 920
225 846
225 734
225 764
225 497
226 923
226 795
226 572
226 593
226 241
226 759
226 822
226 994
226 261
227 820
227 777
227 797
227 302
227 537
228 562
228 645
228 491
228 298
228 486
228 629
228 890
229 229
229 482
229 516
229 909
229 625
229 717
229 253
230 401
230 599
230 777
230 916
230 281
230 808
230 764
230 511
230 902
231 413
231 538
231 233
231 924
231 231
231 715
231 697
231 291
231 303
231 582
231 765
231 252
232 702
232 606
232 276
232 336
232 765
232 646
232 383
232 732
232 981
232 250
233 353
233 483
233 945
233 233
233 570
233 885
233 322
233 552
233 582
233 632
233 592
233 447
233 672
233 913
234 733
234 330
234 672
234 551
234 820
234 569
234 331
234 987
234 507
234 296
234 581
234 827
234 726
234 554
234 545
234 683
234 566
234 992
234 455
234 450
234 962
234 895
234 242
234 332
234 900
234 948
234 681
234 993
234 431
234 481
234 442
234 693
234 248
234 861
234 879
234 775
235 434
235 871
235 472
235 361
235 897
235 250
235 534
235 376
235 591
235 918
235 605
235 849
235 388
236 909
236 723
236 734
236 985
237 795
237 290
237 562
237 572
237 327
237 933
237 811
238 393
238 709
238 629
238 273
238 411
238 860
238 995
238 484
239 462
239 345
239 239
239 574
239 594
239 372
239 844
240 302
240 468
240 771
240 316
240 978
240 618
240 381
240 437
241 923
241 285
241 580
241 344
241 795
241 687
241 833
241 558
241 549
241 509
241 281
242 352
242 649
242 778
242 804
242 330
242 615
242 410
242 653
242 526
242 769
242 853
242 586
242 365
242 471
242 765
242 311
243 662
243 978
243 770
243 677
243 943
243 754
243 569
243 962
243 422
244 689
244 318
244 439
244 444
244 262
244 588
244 504
244 261
245 945
245 570
245 859
245 676
245 554
245 451
245 472
245 604
246 461
246 810
246 994
246 908
246 792
246 620
247 367
247 672
247 551
247 296
248 601
248 270
248 913
248 792
248 828
248 936
248 617
248 900
248 995
249 264
249 755
249 275
249 311
249 472
249 935
250 446
250 730
250 281
250 937
250 253
250 871
250 876
250 648
250 741
250 361
250 742
250 501
250 739
250 804
250 890
250 502
250 510
251 645
251 412
251 934
251 468
251 866
251 332
251 662
251 909
251 915
251 296
251 939
252 891
252 744
252 874
252 753
252 908
252 704
252 953
253 421
253 770
253 903
253 541
253 277
253 317
253 324
253 337
253 966
253 747
253 458
253 488
253 588
253 878
253 943
253 459
253 358
254 478
254 254
254 752
254 381
255 412
255 655
255 846
255 723
255 734
255 281
256 534
256 880
256 737
256 546
257 918
257 770
257 588
257 545
257 989
257 472
257 439
257 270
257 913
257 792
258 917
258 822
258 509
258 529
258 258
258 714
258 499
258 395
258 274
258 279
258 494
258 355
259 402
259 847
259 884
259 969
259 662
259 822
259 972
259 345
259 908
259 411
260 898
260 953
260 853
260 695
260 957
260 800
260 376
260 694
261 603
261 269
261 915
261 465
261 265
261 878
261 403
261 785
261 261
261 858
261 442
261 775
261 742
261 826
261 891
261 725
261 623
261 280
261 301
262 866
262 615
262 927
262 278
262 980
262 390
262 538
262 286
263 797
263 792
263 542
263 538
263 913
264 710
264 463
264 315
264 562
264 491
264 447
264 434
264 285
264 413
264 302
264 572
264 344
264 733
264 974
265 820
265 655
265 846
265 417
265 465
266 307
266 662
266 721
266 266
266 425
266 878
266 398
266 888
266 720
267 972
267 607
267 770
267 896
267 889
267 643
267 858
268 733
268 755
268 340
268 820
268 535
268 486
268 765
269 584
269 601
269 840
269 730
269 274
269 799
269 465
270 684
270 674
270 913
270 720
270 646
270 721
270 792
270 694
271 271
271 421
271 623
271 866
272 696
272 272
272 596
272 499
272 868
272 298
272 284
272 744
273 722
273 654
273 954
273 938
273 767
273 611
273 286
273 287
273 595
273 649
273 946
273 336
273 765
273 686
273 541
274 412
274 914
274 763
274 984
274 366
274 522
274 996
274 841
274 717
274 349
274 921
274 285
274 731
274 308
275 314
275 564
275 634
275 347
275 979
275 311
276 307
276 868
276 447
276 276
276 286
276 287
276 592
276 294
276 362
276 402
276 765
277 399
277 604
277 889
277 303
278 500
278 852
278 944
278 765
278 938
278 287
278 286
278 767
278 491
278 608
278 677
278 728
278 729
278 644
278 972
278 633
279 891
279 886
279 522
279 984
279 366
279 494
279 285
279 975
279 739
279 546
280 846
280 457
280 841
280 914
280 380
280 280
280 763
280 373
280 928
280 565
280 882
280 571
280 430
280 744
281 331
281 777
281 448
281 397
281 281
281 998
281 930
281 960
281 916
281 359
281 533
281 396
281 700
281 422
281 510
281 764
281 726
281 341
281 997
281 492
281 616
281 683
281 929
281 408
281 842
282 833
282 759
282 968
282 447
282 896
282 349
283 917
283 822
283 488
283 717
283 511
283 373
284 696
284 441
284 884
284 744
285 923
285 593
285 580
285 307
285 710
285 980
285 759
285 959
285 289
285 425
285 790
285 902
285 327
285 804
285 368
286 943
286 296
286 460
286 654
286 944
286 938
286 508
286 432
286 611
286 767
286 336
286 971
286 864
286 548
286 861
286 715
286 818
286 666
286 723
286 765
287 523
287 765
288 288
288 517
288 589
288 372
288 490
288 485
288 929
288 423
288 955
288 606
288 416
288 652
288 721
288 653
288 557
288 436
288 936
288 925
289 307
289 458
289 377
289 570
289 319
290 795
290 710
290 482
290 653
290 410
290 572
290 856
290 357
290 723
291 291
291 550
291 943
291 460
291 337
292 330
292 778
292 615
292 636
292 649
292 760
292 310
292 410
292 567
292 632
292 384
292 818
292 954
292 446
292 847
292 427
292 672
293 759
293 518
293 543
293 380
293 876
293 695
293 953
294 622
294 770
294 705
294 904
294 774
294 577
294 588
294 717
294 755
294 960
295 481
295 509
295 326
295 709
295 333
295 870
296 798
296 992
296 566
296 730
296 581
296 987
296 683
296 827
296 507
296 569
296 815
296 932
296 419
296 459
296 726
296 962
296 455
296 762
296 844
296 557
296 554
296 372
296 423
296 526
296 681
296 871
296 902
296 366
296 593
296 590
296 564
296 946
296 549
296 380
296 435
297 334
297 727
297 540
297 404
297 356
297 655
297 734
297 297
297 482
297 569
297 787
297 413
297 830
297 723
297 546
298 865
298 870
298 461
298 428
299 886
299 782
299 710
299 356
299 604
299 940
300 931
300 300
300 326
300 731
301 454
301 301
301 627
301 650
301 951
301 553
301 853
301 667
302 923
302 919
302 307
302 327
302 344
302 759
302 895
303 320
303 643
303 975
303 544
304 821
304 911
304 477
305 452
305 933
305 936
305 890
305 308
306 923
306 391
306 968
306 840
306 845
306 886
306 831
307 651
307 413
307 562
307 593
307 307
307 580
307 759
307 726
307 854
307 343
307 384
307 335
307 450
308 530
308 509
308 453
308 996
308 366
308 684
308 841
308 984
308 457
308 529
308 380
308 914
308 768
308 763
308 451
308 906
308 879
308 407
308 648
308 338
308 559
308 909
308 876
309 917
309 662
309 884
309 453
309 822
309 594
309 661
310 649
310 760
310 410
310 310
310 839
310 728
310 359
310 633
310 836
310 330
310 615
311 848
312 924
312 714
312 941
312 441
312 624
312 729
312 995
313 916
313 374
313 765
314 770
314 417
315 923
315 795
315 562
315 912
315 580
315 327
315 593
315 759
315 570
316 736
316 509
316 584
316 978
316 387
316 487
316 618
316 758
316 839
316 697
316 381
316 642
316 605
316 771
316 413
316 894
316 875
316 613
316 478
316 559
316 649
316 820
316 375
316 750
316 352
316 368
317 545
317 541
317 747
317 903
317 657
317 527
317 701
318 488
318 547
318 444
319 989
319 802
319 690
319 452
319 363
320 926
320 770
320 677
320 754
320 974
320 715
320 724
320 810
320 931
320 688
320 718
320 705
320 750
320 577
320 604
320 587
320 997
320 320
320 755
320 993
320 399
320 964
320 943
320 851
320 507
320 544
320 465
320 380
320 568
320 714
320 782
320 472
320 693
320 717
320 691
320 685
321 793
321 438
321 507
322 662
322 488
322 712
322 922
322 626
322 330
322 843
322 460
322 729
323 458
323 766
323 323
323 920
323 583
323 436
323 591
323 340
323 881
323 723
323 744
324 344
324 330
324 451
324 340
325 769
325 940
325 877
325 569
325 476
326 923
326 795
326 346
326 989
326 790
327 580
327 562
327 344
327 923
327 710
327 610
327 817
327 593
327 572
327 856
327 980
327 590
327 438
327 895
327 833
327 848
327 423
327 709
327 822
327 684
327 790
327 759
328 594
328 431
328 629
328 386
328 657
329 411
329 835
329 329
329 330
329 732
329 689
329 347
329 860
329 484
330 778
330 653
330 615
330 760
330 410
330 567
330 636
330 526
330 552
330 498
330 368
330 792
331 537
331 408
331 820
331 566
331 569
331 450
331 726
331 455
331 435
331 987
331 683
331 419
331 467
331 554
331 576
331 768
331 920
331 656
331 573
331 358
331 730
332 645
332 740
332 468
332 464
332 866
332 722
332 996
332 474
332 856
332 662
332 719
332 381
333 519
333 974
333 384
333 378
333 723
333 887
333 694
334 759
334 866
334 523
334 633
334 697
334 695
334 853
334 774
334 978
334 481
334 618
334 381
334 450
335 840
335 749
335 337
335 340
335 888
335 765
336 677
336 764
336 938
336 671
336 499
336 658
336 369
336 625
337 845
337 337
337 817
337 609
338 364
338 751
338 338
338 408
338 916
338 379
338 672
339 721
339 756
339 452
339 450
339 423
339 574
339 814
340 431
340 769
340 340
340 848
340 840
340 656
340 425
340 501
340 367
340 752
340 735
340 667
340 935
340 782
340 591
340 491
340 437
340 599
340 372
340 385
340 391
340 468
340 537
340 559
340 846
341 917
341 662
341 918
341 495
341 673
341 727
342 645
342 412
342 866
342 363
342 836
342 739
342 978
342 483
342 408
342 820
343 940
343 699
343 967
343 903
344 562
344 593
344 901
344 725
344 463
344 856
344 759
344 795
344 424
344 743
344 775
344 359
344 992
344 724
344 933
344 411
344 376
344 733
344 523
344 820
344 585
344 915
345 609
345 711
345 594
345 860
345 798
346 891
346 438
346 551
346 764
347 969
347 411
347 590
347 939
347 348
347 995
347 524
348 846
348 888
348 794
348 552
348 734
349 917
349 764
349 740
350 809
350 936
350 801
350 712
350 409
351 653
351 577
351 499
351 540
351 426
351 379
351 705
351 561
351 734
351 786
352 645
352 412
352 862
352 722
352 464
352 772
352 690
352 860
352 866
352 419
352 714
353 645
353 800
353 885
353 859
353 883
353 731
353 912
353 664
353 839
353 362
353 650
353 444
353 724
353 671
354 431
354 927
354 354
355 593
355 866
355 355
355 546
355 430
355 632
355 626
355 605
355 587
355 484
355 576
355 520
355 880
356 722
356 978
356 846
356 723
356 734
357 421
357 928
357 357
357 374
357 668
358 585
358 903
358 506
358 980
359 777
360 660
360 604
361 871
361 684
361 876
362 756
362 918
362 685
362 442
363 645
363 934
363 468
363 986
363 866
363 402
363 474
363 376
364 416
364 927
364 751
364 995
364 602
364 435
364 659
365 677
365 808
365 411
365 484
365 471
365 830
366 407
366 842
366 500
366 507
366 465
367 412
367 855
367 656
367 813
367 519
367 989
367 402
367 988
367 777
368 454
368 387
368 771
368 523
368 978
368 481
368 642
368 664
368 667
368 649
368 430
368 994
368 868
369 625
369 731
369 927
369 685
370 822
370 486
370 629
371 918
371 371
371 796
371 764
371 398
371 375
372 731
372 589
372 933
372 423
372 490
372 832
372 724
372 732
372 790
373 771
373 494
373 814
373 744
373 753
373 452
373 891
373 487
374 793
374 488
374 399
374 820
374 908
374 417
374 574
374 843
374 729
374 460
374 872
374 525
374 576
374 854
374 712
374 582
374 704
374 578
374 922
374 876
374 477
374 416
374 839
374 503
374 801
374 770
374 867
375 735
375 879
375 911
375 950
375 748
375 640
375 577
375 695
375 824
376 972
376 604
376 881
376 551
376 820
376 503
376 912
376 855
377 645
377 530
377 979
377 721
377 447
377 528
378 894
378 446
379 580
379 891
379 454
379 440
379 703
379 379
379 573
379 584
380 460
380 403
381 733
381 866
381 454
381 771
381 618
381 758
381 481
381 633
381 642
381 487
381 523
381 697
381 945
381 971
381 556
381 626
381 650
381 787
381 509
381 460
382 653
382 391
382 886
382 948
382 566
383 934
383 900
383 570
383 677
383 777
384 581
384 518
384 982
384 956
384 782
384 820
385 407
385 866
385 950
385 527
386 583
386 885
387 402
387 487
387 584
387 523
387 697
387 481
387 839
387 509
387 900
387 574
387 420
387 930
387 968
387 950
387 771
387 978
387 460
388 679
388 546
388 621
389 923
389 645
389 537
389 708
389 748
389 870
389 705
389 964
389 475
389 865
389 889
389 951
390 404
390 920
390 888
390 977
390 988
390 395
390 846
391 711
391 868
391 869
391 968
391 886
391 569
391 460
392 407
392 640
392 558
392 845
392 746
392 621
393 822
393 609
393 907
393 603
393 517
394 723
394 394
394 638
394 748
394 830
395 513
395 512
395 395
395 581
395 412
395 801
395 427
395 843
396 625
396 777
396 960
396 764
397 572
397 777
397 533
397 764
397 511
397 476
398 513
398 809
398 909
398 777
398 733
398 966
398 836
398 891
398 885
398 764
399 687
399 756
399 719
399 770
399 715
399 601
399 705
399 724
399 750
399 971
399 993
399 863
399 976
399 838
399 431
399 688
399 691
399 496
399 462
399 867
399 954
399 856
399 962
399 931
399 447
399 577
399 755
399 826
400 977
400 531
400 459
400 517
400 433
401 625
401 967
401 744
402 917
402 565
402 721
402 559
402 822
402 847
402 451
402 662
402 402
402 811
402 469
402 722
402 878
402 582
402 546
403 511
403 860
403 633
403 465
404 689
404 962
404 655
404 746
404 495
404 617
404 519
404 817
404 678
404 825
404 846
404 723
404 734
405 891
405 486
405 787
405 441
405 629
405 887
406 820
406 764
406 868
406 411
406 484
406 743
406 775
406 792
407 833
407 660
407 644
407 407
407 952
407 461
407 959
407 793
408 408
408 927
408 751
408 450
408 683
408 694
409 580
409 943
409 566
409 582
409 493
409 788
409 457
409 802
410 778
410 615
410 649
410 642
410 630
410 804
410 636
411 662
411 600
411 586
411 860
411 451
411 963
411 504
411 508
411 645
411 928
411 741
411 887
411 835
411 995
411 484
412 645
412 740
412 412
412 862
412 861
412 866
412 468
412 986
412 464
412 934
412 815
412 480
412 691
412 726
412 813
412 741
413 651
413 463
413 710
413 528
413 895
413 817
413 530
413 452
413 774
414 593
414 985
414 794
415 773
415 686
415 974
415 912
416 924
416 772
416 492
416 761
417 900
417 662
417 864
417 417
417 525
417 893
417 576
417 908
417 889
417 707
417 766
417 695
417 983
417 432
417 574
417 843
417 729
418 978
418 543
418 819
418 619
419 470
419 464
419 672
419 551
419 569
419 879
420 562
420 428
420 500
420 536
421 912
421 421
421 746
421 427
421 604
421 962
421 920
421 684
422 917
422 777
422 422
422 936
422 764
422 973
422 792
423 490
423 936
423 933
423 948
423 508
423 637
424 793
424 651
424 923
424 795
424 562
424 933
425 910
425 940
425 735
425 889
425 988
426 889
426 727
426 937
426 657
426 679
427 452
427 775
428 877
428 793
428 485
428 759
428 631
429 534
429 924
429 675
429 914
429 440
429 491
429 708
429 771
429 981
429 657
430 957
430 615
430 744
431 923
431 943
431 718
431 449
431 838
431 971
431 974
431 677
431 993
431 587
431 863
431 967
431 657
431 862
431 440
431 837
431 790
431 669
431 481
431 947
431 447
431 577
431 588
431 717
432 795
432 474
432 723
432 469
432 442
433 771
433 501
433 433
433 969
433 786
433 531
433 790
433 895
434 759
434 891
434 703
434 434
434 440
434 732
434 802
434 447
434 780
434 462
434 711
434 499
434 483
435 436
435 557
435 821
435 507
435 806
435 459
435 876
435 888
435 773
435 686
435 684
435 820
435 569
436 680
436 436
436 470
436 744
437 521
437 514
437 661
437 437
437 738
437 577
438 512
438 891
438 732
438 802
438 489
438 618
438 447
438 592
438 904
439 682
439 979
439 547
439 689
439 470
439 502
439 655
439 444
439 577
440 891
440 440
440 599
440 454
441 795
441 931
442 644
442 593
442 775
442 878
442 465
442 442
442 555
442 763
442 810
442 958
442 544
443 577
443 497
444 689
444 563
444 924
444 694
444 601
444 932
444 484
445 518
445 982
445 943
445 735
446 818
446 955
446 694
446 856
446 618
446 509
446 449
446 634
447 677
447 943
447 449
447 997
447 770
447 604
447 587
447 970
447 971
447 863
447 715
447 717
447 755
447 718
447 750
447 577
447 993
447 961
447 586
447 474
447 787
447 736
447 662
447 471
447 699
447 593
447 936
447 846
447 486
447 951
448 777
448 960
448 764
449 556
449 943
449 727
450 593
450 798
450 844
450 551
450 962
450 545
450 581
450 569
450 507
450 580
450 794
450 493
450 515
450 965
450 589
451 662
452 512
452 622
452 918
452 945
452 940
453 645
453 761
453 540
453 499
453 669
453 466
453 700
453 915
453 727
453 925
454 891
454 454
454 732
454 811
454 960
454 572
454 509
454 825
455 759
455 754
455 798
455 820
455 879
455 887
456 822
456 555
456 918
456 978
456 575
456 551
456 846
456 723
456 734
458 923
458 795
458 733
458 728
458 705
458 672
458 990
459 481
459 717
459 798
459 672
459 551
459 569
459 879
459 777
460 618
460 843
460 582
460 583
460 967
460 850
460 712
460 729
460 922
460 578
460 525
460 574
460 704
460 981
460 568
460 766
460 650
460 812
460 972
460 564
461 644
461 833
461 461
461 712
461 660
461 793
461 618
461 588
461 828
462 956
462 466
462 539
463 901
463 923
463 795
463 580
463 725
463 565
463 618
463 746
463 551
463 759
463 942
463 620
464 645
464 986
464 935
464 774
465 775
465 858
465 475
465 785
465 878
465 503
465 915
465 908
465 675
465 580
465 773
465 757
465 922
466 594
466 645
466 524
466 783
467 547
467 724
467 672
467 551
467 806
467 810
467 528
467 938
467 531
468 817
468 934
468 545
468 704
468 866
469 974
469 845
469 847
469 666
469 790
469 961
470 513
470 809
470 784
470 819
470 729
471 805
472 580
472 961
472 871
473 983
473 820
473 486
474 928
474 812
474 531
475 742
475 670
475 665
476 917
476 503
476 652
476 476
476 869
476 668
477 754
477 798
477 607
477 928
477 541
478 868
478 478
478 540
478 755
479 720
479 911
479 761
479 560
479 729
479 991
479 963
480 808
480 777
480 849
480 629
481 771
481 839
481 618
481 523
481 736
481 487
481 978
481 605
481 481
481 758
481 697
481 509
481 482
481 505
481 923
481 650
481 683
481 869
481 877
481 495
481 705
482 651
482 923
482 817
482 593
483 945
483 731
483 676
483 859
483 613
483 642
483 764
483 903
483 695
484 727
484 835
484 995
484 743
484 860
484 592
484 849
484 628
484 954
484 616
484 548
484 601
484 624
484 563
484 895
484 716
485 490
485 589
485 592
485 840
485 816
485 763
486 725
486 663
486 606
486 686
486 527
486 567
486 684
486 629
487 771
487 523
487 978
487 509
487 775
488 917
488 822
488 497
488 947
488 551
489 615
489 888
489 774
489 876
489 792
490 571
490 574
490 852
491 518
491 926
491 896
491 769
491 603
491 735
491 935
491 667
491 650
491 710
491 597
491 897
491 950
491 821
492 708
492 910
493 940
493 493
493 913
494 984
494 763
494 494
494 643
495 559
495 846
495 723
495 888
496 793
496 972
496 978
496 846
497 810
497 820
497 941
497 568
497 973
497 565
497 563
497 949
497 880
498 795
498 645
498 978
498 838
498 724
498 879
498 640
498 843
499 879
499 727
499 949
499 761
499 775
500 588
501 812
501 940
501 752
501 501
501 782
501 739
501 524
501 879
502 923
502 690
502 744
504 774
504 890
505 846
505 723
505 734
506 795
506 942
506 686
507 877
507 798
507 672
507 545
507 837
508 912
508 777
508 765
508 988
509 523
509 978
509 697
509 633
509 618
509 736
509 771
509 839
509 642
509 584
509 690
509 544
509 947
509 525
509 581
510 645
510 879
510 777
510 764
510 714
510 600
510 629
510 876
511 929
511 960
511 764
511 533
511 916
511 518
511 615
511 632
511 611
512 555
512 622
512 716
512 538
512 756
513 819
513 809
513 806
513 562
513 672
514 838
514 514
514 677
514 661
514 811
515 641
515 848
515 835
515 657
516 781
516 770
516 560
516 522
516 826
516 629
517 728
517 929
517 890
517 589
517 933
517 920
518 699
518 956
518 518
518 767
518 563
518 852
519 773
519 618
520 550
520 520
521 641
521 647
521 729
521 611
522 862
522 567
522 565
522 684
522 763
523 771
523 736
523 618
523 633
523 559
523 543
523 947
523 714
523 871
523 823
523 621
524 964
524 524
524 549
525 618
525 673
525 574
525 729
526 653
526 526
526 740
526 804
527 989
528 537
528 943
528 690
529 884
529 672
529 860
530 979
530 530
530 787
530 924
531 786
532 913
532 679
532 708
533 615
533 998
533 778
533 611
533 808
534 537
534 675
534 534
534 670
534 799
534 823
534 924
534 838
534 925
534 729
534 741
534 858
535 665
535 629
535 887
536 784
536 536
536 703
537 660
537 796
537 924
537 708
537 713
537 871
537 701
537 753
538 538
538 918
538 943
538 569
538 723
539 734
539 621
539 679
539 626
539 668
539 891
540 604
540 755
540 727
540 925
540 669
540 540
540 602
540 715
541 936
541 747
541 541
541 903
541 679
541 616
541 939
542 722
542 542
542 798
543 896
543 749
543 656
543 557
543 577
543 628
543 857
545 815
545 844
545 551
546 546
546 880
546 626
546 954
546 819
546 637
547 563
547 689
547 795
547 860
548 759
548 673
548 889
548 942
548 828
549 709
549 794
549 577
549 648
550 879
550 967
550 735
550 741
551 755
551 992
551 569
551 821
551 557
551 672
551 730
551 820
551 577
551 684
551 564
551 898
551 922
551 650
552 868
552 767
553 910
553 602
553 917
553 778
553 598
553 826
553 961
554 593
554 798
554 672
554 820
554 987
554 879
554 858
555 818
555 583
555 832
555 657
556 855
556 882
556 840
557 572
557 798
557 672
557 557
557 676
557 668
557 937
557 901
557 569
557 879
558 943
558 755
558 650
558 870
558 860
559 662
559 900
559 889
559 672
560 643
560 560
560 837
560 963
561 838
561 756
562 901
562 923
562 856
562 593
562 834
562 725
562 795
562 959
562 759
562 612
562 844
562 678
562 972
562 836
562 781
562 733
562 766
562 879
563 972
563 838
563 821
565 899
566 572
566 601
566 820
566 827
566 821
566 992
566 784
566 610
566 861
566 946
566 829
566 879
566 674
567 795
567 580
567 653
567 615
568 605
568 618
568 776
568 933
569 672
569 820
569 821
569 844
569 992
569 962
569 576
569 852
569 638
569 905
569 930
569 730
569 879
569 853
570 918
570 885
570 570
570 624
570 577
570 891
570 905
570 943
570 871
571 865
571 571
572 923
572 725
572 834
572 759
572 572
572 651
572 980
572 711
572 806
572 771
572 600
572 594
572 636
572 593
572 588
572 604
573 593
573 986
573 621
574 798
574 967
574 922
574 872
574 576
574 729
574 704
574 578
574 582
574 893
574 843
574 585
574 583
574 898
574 772
574 959
574 612
574 753
574 928
574 622
574 619
574 659
575 709
575 634
576 838
576 590
576 729
577 770
577 810
577 705
577 724
577 778
577 819
577 592
577 601
577 808
577 729
579 771
579 755
579 769
579 749
579 764
579 678
579 631
580 923
580 651
580 795
580 593
580 834
580 759
580 856
580 687
580 725
580 959
580 769
580 927
580 764
580 772
580 941
580 758
580 906
580 896
581 798
582 908
582 704
582 922
582 583
582 872
582 712
582 981
582 854
582 732
582 874
582 729
582 995
583 879
583 729
583 828
584 955
584 618
584 789
584 957
584 743
585 798
585 908
585 729
585 622
585 706
585 880
586 713
586 601
586 870
586 871
587 917
587 983
587 717
587 601
587 604
587 596
588 943
588 705
588 588
588 770
588 724
588 974
588 967
588 797
588 604
588 754
589 957
589 667
589 610
589 722
589 634
589 933
590 721
591 673
591 935
591 940
591 867
591 877
591 881
592 938
592 877
592 743
593 923
593 795
593 817
593 733
593 834
593 901
593 759
593 980
593 725
593 710
593 841
593 787
593 883
593 872
593 857
593 833
593 648
593 781
593 943
594 677
595 805
595 682
595 969
595 595
595 626
595 600
595 744
596 725
596 896
596 643
596 774
596 814
596 810
596 744
597 755
598 673
598 735
598 798
599 979
599 840
599 947
599 880
600 918
600 800
600 804
600 771
600 764
601 943
601 705
601 947
601 796
601 754
601 761
602 900
602 968
603 769
603 935
603 881
603 672
603 870
604 943
604 947
604 770
604 810
604 717
604 931
604 776
604 974
604 741
604 872
604 626
604 879
604 755
604 782
604 694
605 728
605 771
605 978
605 784
605 997
606 757
606 825
606 936
606 887
607 717
608 723
608 851
608 704
608 701
609 647
609 787
609 609
609 665
609 919
609 672
609 995
610 923
610 795
610 733
610 759
610 951
610 944
610 858
611 862
611 938
611 986
611 941
612 773
612 868
612 735
612 987
612 763
612 648
613 846
613 723
613 888
613 777
614 755
615 615
615 778
615 760
615 649
615 618
615 725
615 665
615 877
616 978
616 734
616 960
616 706
616 870
616 729
617 846
617 723
617 734
617 993
617 697
617 663
617 867
618 945
618 771
618 633
618 618
618 697
618 642
618 978
618 839
618 726
618 799
618 781
618 674
618 695
618 669
619 709
619 987
619 902
620 913
620 694
620 828
620 715
621 730
621 646
621 647
621 898
622 645
622 985
622 673
622 756
622 731
622 684
622 902
624 945
624 728
625 909
625 692
625 976
625 754
625 764
627 743
627 875
627 963
627 642
628 959
628 860
628 897
628 876
629 663
629 887
629 757
629 826
629 825
629 816
629 886
629 671
629 762
629 782
629 997
629 995
630 717
630 834
630 951
631 904
631 884
632 982
632 769
632 742
632 942
632 644
633 771
633 978
633 879
634 755
634 964
635 820
635 764
635 902
635 973
635 853
636 653
636 906
636 689
636 675
636 816
637 846
637 744
637 960
638 932
638 733
639 918
639 639
639 909
640 677
640 966
640 873
640 870
641 661
642 994
642 786
642 771
642 978
642 798
642 876
643 943
643 720
643 905
643 775
644 793
644 868
644 660
644 800
644 843
645 862
645 645
645 986
645 766
645 740
645 898
645 934
645 722
645 866
645 744
645 948
645 723
645 877
645 727
646 945
646 846
646 853
647 884
647 970
647 892
647 730
648 978
648 857
648 695
648 876
649 757
649 943
650 771
650 691
651 725
651 915
651 722
651 795
651 759
651 717
651 702
652 924
652 938
653 778
653 918
653 770
654 850
654 852
654 689
654 765
655 700
655 723
655 734
656 829
656 658
656 673
656 940
657 923
657 782
657 873
657 657
657 875
658 842
658 826
658 808
659 676
659 799
659 917
660 793
660 833
660 952
660 963
660 855
660 785
660 773
660 820
660 734
661 749
661 734
661 811
661 904
661 974
661 939
661 765
662 917
662 721
662 972
662 847
662 948
662 927
662 916
662 949
662 997
663 744
663 742
663 825
663 826
663 938
663 858
664 745
664 931
664 694
665 957
665 907
665 884
665 906
666 703
666 708
667 848
667 749
667 930
667 935
667 889
667 846
667 914
667 707
668 858
669 923
669 761
670 924
670 879
670 685
671 866
671 755
671 790
671 698
671 765
672 683
672 798
672 932
672 806
672 827
672 821
672 680
672 952
672 802
672 694
672 809
672 987
673 754
673 749
673 840
673 673
673 955
673 674
673 834
673 940
673 735
674 805
674 755
674 727
674 764
674 939
674 743
675 759
675 924
676 692
676 918
676 945
676 943
676 981
676 965
677 964
677 838
677 718
677 776
677 677
677 943
677 993
677 717
677 755
677 892
677 981
677 736
677 980
677 954
677 754
678 734
678 811
678 835
679 777
679 693
680 755
680 977
681 802
681 701
682 805
682 745
682 969
682 765
683 884
683 798
683 879
683 802
684 914
684 758
685 964
685 777
685 750
687 923
687 795
687 721
687 817
687 733
688 971
688 717
688 754
688 755
689 696
689 998
689 734
691 990
691 899
691 706
691 908
691 858
693 891
693 982
694 879
694 913
694 779
695 792
696 871
696 816
696 744
697 891
698 818
698 698
698 973
698 792
699 699
699 715
699 890
699 917
699 973
700 923
700 722
700 717
700 777
700 808
701 701
702 986
702 789
703 891
704 729
705 717
705 718
705 947
705 919
705 985
705 800
705 838
705 935
705 933
706 709
706 888
706 764
706 981
707 838
707 814
708 924
708 729
709 906
709 983
709 911
710 773
710 759
710 924
711 886
712 720
712 843
713 831
714 811
715 943
715 838
715 717
715 754
715 755
716 716
716 756
716 798
717 754
717 838
717 810
717 755
717 971
717 947
717 993
717 745
717 873
717 844
717 870
717 973
717 788
718 943
718 838
718 754
718 755
718 828
719 945
720 765
721 917
721 875
721 831
721 756
722 722
722 866
722 865
723 947
723 962
723 846
723 920
723 746
723 864
723 908
723 779
723 823
723 885
723 757
723 734
724 810
724 943
724 755
725 908
726 877
726 798
726 820
727 940
727 925
727 944
727 888
728 999
729 943
729 777
729 908
729 981
729 893
729 729
729 872
729 854
729 922
729 749
729 808
729 979
729 864
729 739
729 857
730 820
730 962
730 987
730 741
730 879
731 910
731 918
731 945
731 859
731 846
732 891
733 923
733 817
733 843
733 826
733 796
733 759
733 871
734 920
734 846
734 734
734 978
734 838
734 795
734 852
735 886
735 851
735 983
735 933
736 818
736 771
736 978
737 769
738 832
738 833
739 892
739 935
739 784
739 797
740 986
740 866
740 768
741 871
742 774
742 775
743 868
744 943
744 871
744 744
744 913
744 860
745 805
745 969
745 884
746 846
746 777
748 759
748 899
749 851
749 995
750 795
750 770
750 821
750 860
751 877
753 814
753 961
753 846
753 758
754 755
754 976
754 810
754 964
754 874
754 941
754 982
754 950
754 935
754 816
754 870
755 986
755 770
755 943
755 838
755 810
755 997
755 974
755 863
755 931
755 878
755 786
756 920
756 769
756 877
757 759
758 771
758 965
758 827
759 923
759 817
759 901
759 801
759 949
759 950
759 897
759 909
760 804
761 824
762 820
762 879
763 911
763 964
763 770
763 989
763 981
763 797
764 777
764 930
764 764
764 916
764 998
764 871
764 822
764 962
764 953
765 972
765 938
765 944
765 790
765 765
765 917
765 781
765 861
765 785
766 866
767 945
768 774
769 782
769 935
770 931
770 993
770 997
770 943
770 810
770 770
770 964
770 838
770 776
770 947
770 834
770 889
770 944
770 819
770 882
770 812
771 839
771 978
771 809
771 931
771 785
771 836
772 780
772 835
773 957
773 927
774 975
774 905
774 942
774 803
774 951
774 870
774 995
774 775
775 858
775 775
775 785
775 878
775 937
777 945
777 930
777 777
777 998
777 960
777 893
777 791
777 808
778 804
778 778
780 780
780 999
780 889
780 786
780 808
782 848
782 877
782 824
782 871
782 915
783 817
783 783
784 973
784 977
784 958
785 918
787 866
787 907
788 966
789 959
791 818
791 955
791 987
792 913
792 940
793 833
793 952
793 793
793 875
793 905
794 843
795 795
795 817
795 813
795 856
795 956
796 963
797 797
798 815
798 987
798 827
798 821
798 992
798 962
798 844
798 858
798 933
798 974
798 820
800 822
800 918
800 883
801 879
802 807
803 863
803 879
803 870
804 871
805 969
805 953
806 820
807 910
808 930
809 957
809 916
810 822
810 943
812 939
813 866
813 889
815 820
815 879
816 991
817 901
817 910
818 955
819 819
819 954
819 963
820 820
820 992
820 844
820 932
820 845
820 972
821 879
821 881
822 847
822 972
824 885
825 887
826 987
826 960
827 934
827 882
827 879
828 913
829 896
829 940
829 877
831 990
832 832
833 833
834 908
834 846
835 849
835 959
836 886
837 914
838 943
838 964
838 974
838 997
838 948
838 907
838 872
838 876
839 932
839 964
843 862
843 872
843 981
843 962
843 905
844 991
846 888
846 846
846 920
846 864
846 935
846 962
846 971
847 934
847 917
848 930
850 951
850 967
851 995
853 902
853 856
854 979
854 947
855 855
855 940
856 856
857 889
857 876
857 913
858 866
859 918
859 945
859 924
860 879
860 995
861 934
861 986
861 866
862 986
862 866
863 943
863 974
865 879
866 934
866 898
866 986
866 866
866 921
867 923
867 978
867 888
870 905
870 957
870 946
870 993
871 961
871 904
873 934
876 961
876 876
876 906
877 982
877 940
877 981
877 889
878 960
879 881
879 932
879 992
879 879
879 904
879 958
879 960
881 896
883 945
885 974
885 987
886 926
888 920
888 888
888 955
888 951
889 943
889 940
889 889
889 935
890 951
890 909
891 980
892 912
893 908
894 943
898 934
898 938
899 990
900 910
901 923
902 909
903 966
904 958
905 955
905 911
906 921
906 983
906 962
907 907
907 944
909 972
911 947
911 984
912 928
913 913
914 984
916 930
917 972
917 948
917 987
917 996
918 999
918 918
918 945
920 920
921 921
923 980
924 924
925 973
927 990
928 928
928 955
929 943
929 942
929 933
931 943
931 962
933 949
935 964
936 938
937 994
938 954
938 987
939 942
940 940
940 989
940 958
942 951
942 994
943 970
943 943
943 947
945 945
945 955
947 964
947 976
951 951
953 973
956 982
956 983
962 978
965 991
966 986
971 973
972 972
973 973
974 976
977 977
978 978
978 985
978 983
987 992
994 994
