116 9956
0 1
1 0
1 2
2 1
2 3
3 2
3 4
4 3
4 5
5 4
5 6
6 5
6 7
7 6
7 8
8 7
8 9
9 8
9 10
10 9
10 11
11 10
11 12
12 11
12 13
13 12
13 14
14 13
14 15
15 14
15 16
16 15
16 17
17 16
17 18
18 17
18 19
19 18
19 20
20 19
20 21
21 20
21 22
22 21
22 23
23 22
23 24
24 23
24 25
25 24
25 26
26 25
26 27
27 26
27 28
28 27
28 29
29 28
29 30
30 29
30 31
31 30
31 32
32 31
32 33
33 32
33 34
34 33
34 35
35 34
35 36
36 35
36 37
37 36
37 38
38 37
38 39
39 38
39 40
40 39
40 41
41 40
41 42
42 41
42 43
43 42
43 44
44 43
44 45
45 44
45 46
46 45
46 47
47 46
47 48
48 47
48 49
49 48
49 50
50 49
50 51
51 50
51 52
52 51
52 53
53 52
53 54
54 53
54 55
55 54
55 56
56 55
56 57
57 56
57 58
58 57
58 59
59 58
59 60
60 59
60 61
61 60
61 62
62 61
62 63
63 62
63 64
64 63
64 65
65 64
65 66
66 65
66 67
67 66
67 68
68 67
68 69
69 68
69 70
70 69
70 71
71 70
71 72
72 71
72 73
73 72
73 74
74 73
74 75
75 74
75 76
76 75
76 77
77 76
77 78
78 77
78 79
79 78
79 80
80 79
80 81
81 80
81 82
82 81
82 83
83 82
83 84
84 83
84 85
85 84
85 86
86 85
86 87
87 86
87 88
88 87
88 89
89 88
89 90
90 89
90 91
91 90
91 92
92 91
92 93
93 92
93 94
94 93
94 95
95 94
95 96
96 95
96 97
97 96
97 98
98 97
98 99
99 98
0 99
99 0
34 72
72 34
67 88
88 67
27 81
81 27
23 60
60 23
16 67
67 16
26 84
84 26
43 55
55 43
52 84
84 52
25 54
54 25
58 88
88 58
24 83
83 24
75 83
83 75
57 64
64 57
85 99
99 85
57 86
86 57
18 41
41 18
51 75
75 51
3 8
8 3
26 62
62 26
89 98
98 89
70 74
74 70
27 50
50 27
48 57
57 48
32 81
81 32
42 90
90 42
1 98
98 1
14 62
62 14
24 47
47 24
7 38
38 7
5 58
58 5
46 61
61 46
66 84
84 66
43 86
86 43
61 82
82 61
51 95
95 51
8 82
82 8
11 44
44 11
10 87
87 10
14 94
94 14
40 89
89 40
57 61
61 57
0 83
83 0
9 26
26 9
27 44
44 27
48 74
74 48
21 43
43 21
1 18
18 1
31 63
63 31
59 74
74 59
25 54
54 25
4 23
23 4
40 89
89 40
15 96
96 15
56 85
85 56
31 47
47 31
37 64
64 37
25 73
73 25
19 47
47 19
21 57
57 21
14 82
82 14
71 86
86 71
6 56
56 6
50 82
82 50
17 80
80 17
2 6
6 2
1 95
95 1
14 49
49 14
0 45
45 0
22 86
86 22
24 94
94 24
8 41
41 8
9 27
27 9
64 77
77 64
39 69
69 39
38 44
44 38
23 80
80 23
0 28
28 0
8 50
50 8
0 38
38 0
26 45
45 26
36 89
89 36
43 72
72 43
49 92
92 49
66 95
95 66
20 84
84 20
74 98
98 74
58 66
66 58
64 88
88 64
45 83
83 45
1 62
62 1
11 34
34 11
59 71
71 59
1 49
49 1
43 84
84 43
64 71
71 64
36 93
93 36
25 41
41 25
10 28
28 10
2 27
27 2
10 16
16 10
33 39
39 33
52 98
98 52
21 78
78 21
43 45
45 43
30 60
60 30
36 84
84 36
4 91
91 4
54 64
64 54
29 65
65 29
47 90
90 47
53 67
67 53
43 48
48 43
46 69
69 46
55 88
88 55
15 73
73 15
9 51
51 9
74 94
94 74
13 38
38 13
30 61
61 30
52 91
91 52
79 84
84 79
3 86
86 3
17 25
25 17
16 40
40 16
22 39
39 22
59 72
72 59
37 90
90 37
20 82
82 20
14 59
59 14
30 66
66 30
26 80
80 26
13 76
76 13
63 74
74 63
2 28
28 2
59 87
87 59
77 83
83 77
37 83
83 37
55 64
64 55
19 30
30 19
48 59
59 48
4 37
37 4
14 61
61 14
23 41
41 23
36 69
69 36
7 80
80 7
31 70
70 31
21 56
56 21
6 35
35 6
11 99
99 11
18 89
89 18
29 66
66 29
8 74
74 8
23 59
59 23
8 93
93 8
34 78
78 34
22 69
69 22
9 50
50 9
8 92
92 8
65 71
71 65
45 94
94 45
20 45
45 20
17 95
95 17
12 27
27 12
67 84
84 67
42 68
68 42
12 40
40 12
49 92
92 49
55 86
86 55
21 33
33 21
39 63
63 39
26 59
59 26
7 73
73 7
34 54
54 34
2 69
69 2
74 82
82 74
44 76
76 44
53 72
72 53
13 67
67 13
31 95
95 31
0 47
47 0
29 37
37 29
50 71
71 50
51 71
71 51
38 91
91 38
20 62
62 20
40 88
88 40
16 25
25 16
25 81
81 25
9 62
62 9
29 38
38 29
74 99
99 74
17 61
61 17
43 52
52 43
43 60
60 43
27 40
40 27
3 80
80 3
0 7
7 0
33 85
85 33
4 23
23 4
21 67
67 21
4 81
81 4
35 76
76 35
16 34
34 16
31 73
73 31
67 73
73 67
34 91
91 34
0 44
44 0
15 37
37 15
49 83
83 49
7 94
94 7
62 87
87 62
51 68
68 51
33 82
82 33
68 79
79 68
22 48
48 22
39 74
74 39
60 87
87 60
52 71
71 52
71 99
99 71
62 93
93 62
65 84
84 65
11 38
38 11
47 94
94 47
0 94
94 0
52 94
94 52
65 75
75 65
25 82
82 25
6 95
95 6
55 84
84 55
29 95
95 29
34 65
65 34
49 60
60 49
36 84
84 36
44 91
91 44
29 84
84 29
13 39
39 13
17 60
60 17
66 83
83 66
26 45
45 26
4 71
71 4
13 97
97 13
17 37
37 17
20 42
42 20
41 77
77 41
33 59
59 33
65 79
79 65
40 96
96 40
14 36
36 14
29 51
51 29
34 93
93 34
46 50
50 46
3 57
57 3
48 90
90 48
57 90
90 57
18 20
20 18
37 40
40 37
57 60
60 57
6 79
79 6
23 87
87 23
67 74
74 67
15 90
90 15
10 36
36 10
2 95
95 2
32 65
65 32
13 22
22 13
6 58
58 6
58 67
67 58
70 76
76 70
30 46
46 30
24 93
93 24
5 88
88 5
32 71
71 32
66 78
78 66
36 81
81 36
22 51
51 22
17 60
60 17
20 87
87 20
56 82
82 56
5 43
43 5
73 92
92 73
4 12
12 4
10 13
13 10
0 82
82 0
30 80
80 30
60 69
69 60
3 41
41 3
36 95
95 36
43 59
59 43
30 48
48 30
44 52
52 44
5 77
77 5
21 34
34 21
4 57
57 4
63 78
78 63
2 90
90 2
38 59
59 38
41 90
90 41
41 55
55 41
51 90
90 51
31 57
57 31
33 72
72 33
12 40
40 12
21 34
34 21
61 98
98 61
31 64
64 31
21 36
36 21
24 84
84 24
33 55
55 33
35 84
84 35
32 64
64 32
8 29
29 8
70 83
83 70
26 65
65 26
54 96
96 54
44 78
78 44
70 88
88 70
61 81
81 61
28 43
43 28
37 67
67 37
41 73
73 41
22 37
37 22
0 18
18 0
17 89
89 17
19 32
32 19
8 68
68 8
50 53
53 50
46 85
85 46
51 55
55 51
24 67
67 24
20 89
89 20
32 65
65 32
64 82
82 64
65 80
80 65
32 37
37 32
41 95
95 41
38 81
81 38
44 92
92 44
35 83
83 35
20 85
85 20
62 69
69 62
40 42
42 40
25 53
53 25
26 34
34 26
2 81
81 2
31 57
57 31
46 77
77 46
26 29
29 26
7 93
93 7
12 46
46 12
13 20
20 13
27 68
68 27
23 45
45 23
21 25
25 21
2 86
86 2
55 64
64 55
0 7
7 0
32 93
93 32
21 81
81 21
37 90
90 37
30 47
47 30
1 46
46 1
1 39
39 1
24 98
98 24
5 82
82 5
7 58
58 7
14 74
74 14
14 33
33 14
3 30
30 3
2 56
56 2
4 18
18 4
21 31
31 21
54 73
73 54
29 83
83 29
33 59
59 33
19 38
38 19
15 94
94 15
32 77
77 32
32 87
87 32
58 93
93 58
11 47
47 11
50 54
54 50
42 76
76 42
4 17
17 4
29 95
95 29
10 32
32 10
43 67
67 43
19 95
95 19
21 71
71 21
16 88
88 16
32 40
40 32
19 37
37 19
3 75
75 3
65 99
99 65
51 93
93 51
12 30
30 12
14 60
60 14
59 96
96 59
5 36
36 5
35 62
62 35
39 60
60 39
10 17
17 10
54 69
69 54
26 70
70 26
19 33
33 19
37 50
50 37
50 74
74 50
34 67
67 34
23 86
86 23
2 62
62 2
46 84
84 46
20 95
95 20
0 52
52 0
20 44
44 20
8 81
81 8
30 44
44 30
0 37
37 0
67 75
75 67
12 14
14 12
4 49
49 4
19 95
95 19
9 30
30 9
54 75
75 54
47 86
86 47
48 95
95 48
63 99
99 63
15 88
88 15
32 62
62 32
8 55
55 8
13 44
44 13
45 49
49 45
41 99
99 41
22 89
89 22
6 80
80 6
19 81
81 19
4 42
42 4
24 96
96 24
35 80
80 35
37 53
53 37
59 69
69 59
19 97
97 19
46 91
91 46
60 67
67 60
14 20
20 14
11 76
76 11
33 45
45 33
55 65
65 55
15 24
24 15
14 26
26 14
9 51
51 9
42 58
58 42
5 72
72 5
20 29
29 20
1 99
99 1
64 77
77 64
9 58
58 9
26 82
82 26
53 78
78 53
33 61
61 33
9 80
80 9
31 58
58 31
45 86
86 45
6 57
57 6
8 38
38 8
48 81
81 48
33 87
87 33
20 38
38 20
59 99
99 59
49 96
96 49
46 97
97 46
11 23
23 11
1 3
3 1
11 26
26 11
46 74
74 46
40 85
85 40
65 86
86 65
33 50
50 33
1 32
32 1
11 44
44 11
1 3
3 1
24 73
73 24
40 80
80 40
47 74
74 47
27 89
89 27
1 3
3 1
14 85
85 14
23 48
48 23
7 21
21 7
41 68
68 41
17 49
49 17
4 27
27 4
6 75
75 6
14 78
78 14
2 68
68 2
15 98
98 15
65 85
85 65
16 56
56 16
22 74
74 22
51 67
67 51
7 79
79 7
36 96
96 36
6 78
78 6
25 70
70 25
11 36
36 11
12 24
24 12
16 38
38 16
43 53
53 43
5 84
84 5
25 80
80 25
53 96
96 53
12 72
72 12
31 73
73 31
30 54
54 30
44 85
85 44
6 95
95 6
39 97
97 39
38 59
59 38
45 69
69 45
2 21
21 2
8 48
48 8
10 33
33 10
11 78
78 11
22 97
97 22
3 41
41 3
17 83
83 17
3 69
69 3
62 74
74 62
9 50
50 9
20 44
44 20
61 95
95 61
34 56
56 34
18 21
21 18
36 96
96 36
36 99
99 36
54 65
65 54
25 99
99 25
15 91
91 15
30 93
93 30
25 83
83 25
38 95
95 38
37 43
43 37
54 75
75 54
54 71
71 54
3 51
51 3
28 84
84 28
22 86
86 22
46 97
97 46
1 38
38 1
10 12
12 10
15 68
68 15
19 43
43 19
46 73
73 46
48 67
67 48
57 63
63 57
42 49
49 42
54 94
94 54
44 91
91 44
25 61
61 25
8 60
60 8
24 40
40 24
20 47
47 20
23 69
69 23
58 82
82 58
6 60
60 6
44 76
76 44
45 96
96 45
52 65
65 52
22 28
28 22
42 54
54 42
11 61
61 11
5 26
26 5
62 87
87 62
3 94
94 3
14 27
27 14
37 86
86 37
5 13
13 5
32 38
38 32
26 44
44 26
27 36
36 27
9 14
14 9
43 54
54 43
7 77
77 7
8 77
77 8
29 57
57 29
27 92
92 27
26 89
89 26
8 31
31 8
55 78
78 55
4 29
29 4
29 59
59 29
23 35
35 23
27 87
87 27
26 97
97 26
57 99
99 57
12 50
50 12
3 78
78 3
18 62
62 18
13 55
55 13
12 39
39 12
46 54
54 46
40 79
79 40
6 12
12 6
48 73
73 48
59 94
94 59
2 59
59 2
1 67
67 1
15 37
37 15
50 62
62 50
24 80
80 24
38 53
53 38
35 57
57 35
5 78
78 5
13 95
95 13
23 67
67 23
18 92
92 18
30 95
95 30
11 99
99 11
23 64
64 23
16 48
48 16
10 16
16 10
45 81
81 45
21 60
60 21
4 55
55 4
6 73
73 6
18 82
82 18
31 63
63 31
48 56
56 48
25 43
43 25
30 38
38 30
9 46
46 9
9 46
46 9
59 87
87 59
43 81
81 43
34 52
52 34
20 73
73 20
11 87
87 11
59 85
85 59
46 66
66 46
8 40
40 8
10 77
77 10
58 63
63 58
27 60
60 27
29 48
48 29
50 54
54 50
0 30
30 0
13 74
74 13
60 89
89 60
55 92
92 55
30 59
59 30
32 93
93 32
0 5
5 0
0 90
90 0
36 77
77 36
8 46
46 8
36 56
56 36
22 46
46 22
28 80
80 28
13 84
84 13
10 38
38 10
21 46
46 21
29 72
72 29
27 89
89 27
5 24
24 5
22 49
49 22
34 63
63 34
1 28
28 1
19 50
50 19
23 52
52 23
26 57
57 26
13 89
89 13
2 9
9 2
6 15
15 6
26 83
83 26
36 40
40 36
2 56
56 2
46 92
92 46
8 27
27 8
3 73
73 3
10 85
85 10
17 52
52 17
2 18
18 2
49 96
96 49
5 17
17 5
12 52
52 12
5 72
72 5
8 95
95 8
26 44
44 26
36 45
45 36
30 58
58 30
43 48
48 43
9 82
82 9
46 67
67 46
22 84
84 22
55 98
98 55
17 78
78 17
25 94
94 25
1 9
9 1
47 85
85 47
34 55
55 34
10 31
31 10
0 57
57 0
1 98
98 1
18 20
20 18
25 76
76 25
0 95
95 0
24 51
51 24
28 87
87 28
9 72
72 9
40 65
65 40
50 70
70 50
39 63
63 39
46 74
74 46
17 93
93 17
53 74
74 53
9 28
28 9
6 76
76 6
57 98
98 57
27 76
76 27
24 38
38 24
17 85
85 17
42 46
46 42
21 93
93 21
11 15
15 11
16 83
83 16
21 33
33 21
47 56
56 47
58 68
68 58
35 74
74 35
28 65
65 28
21 45
45 21
3 74
74 3
38 61
61 38
45 90
90 45
14 16
16 14
18 91
91 18
39 41
41 39
18 63
63 18
31 88
88 31
10 51
51 10
6 36
36 6
59 99
99 59
9 24
24 9
28 45
45 28
44 97
97 44
28 49
49 28
17 20
20 17
51 61
61 51
7 92
92 7
10 49
49 10
23 42
42 23
13 24
24 13
30 66
66 30
23 26
26 23
4 43
43 4
14 64
64 14
56 86
86 56
51 66
66 51
25 80
80 25
6 29
29 6
9 82
82 9
26 58
58 26
57 93
93 57
32 78
78 32
53 95
95 53
8 23
23 8
18 94
94 18
14 86
86 14
20 43
43 20
38 63
63 38
34 40
40 34
10 43
43 10
46 61
61 46
49 79
79 49
29 38
38 29
11 92
92 11
8 55
55 8
10 90
90 10
35 88
88 35
43 46
46 43
9 79
79 9
28 49
49 28
33 53
53 33
31 47
47 31
10 54
54 10
17 68
68 17
17 21
21 17
29 41
41 29
31 37
37 31
27 36
36 27
2 22
22 2
39 51
51 39
3 9
9 3
37 65
65 37
33 39
39 33
12 81
81 12
50 80
80 50
32 90
90 32
2 54
54 2
23 97
97 23
22 54
54 22
5 98
98 5
6 36
36 6
52 95
95 52
44 62
62 44
12 94
94 12
22 44
44 22
0 44
44 0
49 75
75 49
7 22
22 7
36 49
49 36
14 93
93 14
13 86
86 13
15 98
98 15
0 56
56 0
22 92
92 22
20 53
53 20
1 8
8 1
50 97
97 50
42 64
64 42
37 59
59 37
28 83
83 28
5 22
22 5
29 89
89 29
1 44
44 1
33 93
93 33
51 65
65 51
55 91
91 55
20 36
36 20
38 91
91 38
5 72
72 5
37 87
87 37
6 30
30 6
7 48
48 7
3 41
41 3
14 28
28 14
22 53
53 22
45 95
95 45
30 47
47 30
18 62
62 18
27 52
52 27
10 83
83 10
2 13
13 2
45 54
54 45
28 92
92 28
5 34
34 5
39 47
47 39
10 99
99 10
31 70
70 31
3 20
20 3
15 51
51 15
23 57
57 23
39 73
73 39
5 68
68 5
8 27
27 8
7 79
79 7
18 42
42 18
45 86
86 45
1 93
93 1
27 86
86 27
26 50
50 26
16 72
72 16
42 82
82 42
17 79
79 17
30 46
46 30
35 43
43 35
44 64
64 44
15 73
73 15
27 93
93 27
35 76
76 35
52 65
65 52
54 73
73 54
22 93
93 22
45 99
99 45
1 97
97 1
16 28
28 16
6 55
55 6
8 18
18 8
40 64
64 40
24 35
35 24
18 51
51 18
34 69
69 34
1 80
80 1
8 10
10 8
23 49
49 23
6 83
83 6
25 67
67 25
47 56
56 47
28 97
97 28
23 57
57 23
45 79
79 45
31 70
70 31
8 80
80 8
54 95
95 54
9 53
53 9
11 74
74 11
17 29
29 17
9 39
39 9
23 68
68 23
1 64
64 1
33 52
52 33
26 68
68 26
50 87
87 50
21 25
25 21
5 15
15 5
7 35
35 7
46 83
83 46
46 84
84 46
3 93
93 3
35 91
91 35
4 83
83 4
0 8
8 0
14 92
92 14
41 98
98 41
20 38
38 20
12 98
98 12
0 22
22 0
29 31
31 29
4 32
32 4
13 75
75 13
0 81
81 0
36 85
85 36
20 92
92 20
13 73
73 13
2 89
89 2
23 30
30 23
3 59
59 3
54 75
75 54
11 49
49 11
8 67
67 8
36 40
40 36
50 96
96 50
46 96
96 46
8 75
75 8
27 56
56 27
26 30
30 26
12 54
54 12
32 45
45 32
42 84
84 42
14 40
40 14
36 73
73 36
5 12
12 5
26 37
37 26
3 14
14 3
47 61
61 47
54 89
89 54
34 87
87 34
28 93
93 28
25 54
54 25
0 97
97 0
23 40
40 23
35 39
39 35
7 79
79 7
18 93
93 18
42 95
95 42
9 53
53 9
3 51
51 3
9 81
81 9
21 27
27 21
33 70
70 33
33 93
93 33
5 49
49 5
43 87
87 43
39 73
73 39
13 17
17 13
37 83
83 37
6 47
47 6
17 32
32 17
10 17
17 10
43 57
57 43
34 98
98 34
29 38
38 29
11 27
27 11
31 72
72 31
31 52
52 31
12 26
26 12
23 67
67 23
15 92
92 15
38 95
95 38
23 89
89 23
43 99
99 43
49 87
87 49
24 57
57 24
36 55
55 36
40 95
95 40
27 81
81 27
6 65
65 6
34 80
80 34
21 67
67 21
53 85
85 53
26 46
46 26
9 86
86 9
11 50
50 11
25 60
60 25
24 77
77 24
29 62
62 29
43 98
98 43
9 30
30 9
38 52
52 38
42 71
71 42
20 93
93 20
46 49
49 46
51 53
53 51
1 20
20 1
2 64
64 2
18 20
20 18
52 65
65 52
19 71
71 19
14 19
19 14
36 51
51 36
49 77
77 49
2 83
83 2
36 69
69 36
5 69
69 5
31 87
87 31
45 72
72 45
37 45
45 37
25 38
38 25
15 54
54 15
26 34
34 26
6 51
51 6
1 35
35 1
26 57
57 26
16 57
57 16
11 67
67 11
36 59
59 36
9 13
13 9
10 52
52 10
21 73
73 21
17 30
30 17
11 16
16 11
23 92
92 23
38 49
49 38
0 89
89 0
0 33
33 0
6 56
56 6
38 46
46 38
24 97
97 24
5 32
32 5
41 90
90 41
30 53
53 30
24 27
27 24
6 32
32 6
43 70
70 43
0 16
16 0
0 83
83 0
32 43
43 32
32 83
83 32
46 74
74 46
38 41
41 38
8 77
77 8
41 46
46 41
41 90
90 41
41 82
82 41
10 98
98 10
36 60
60 36
1 86
86 1
30 98
98 30
19 62
62 19
4 96
96 4
12 85
85 12
7 84
84 7
4 54
54 4
33 78
78 33
15 50
50 15
48 51
51 48
51 68
68 51
2 78
78 2
21 75
75 21
14 76
76 14
51 68
68 51
7 27
27 7
26 80
80 26
50 53
53 50
2 76
76 2
32 89
89 32
35 45
45 35
31 71
71 31
16 33
33 16
29 97
97 29
3 64
64 3
14 80
80 14
29 43
43 29
22 90
90 22
47 90
90 47
25 72
72 25
1 32
32 1
26 82
82 26
46 80
80 46
10 95
95 10
37 71
71 37
27 33
33 27
38 97
97 38
3 87
87 3
42 87
87 42
17 63
63 17
51 76
76 51
13 63
63 13
3 57
57 3
1 87
87 1
8 10
10 8
38 43
43 38
20 57
57 20
3 35
35 3
13 96
96 13
32 55
55 32
3 96
96 3
23 46
46 23
23 38
38 23
2 73
73 2
37 73
73 37
23 72
72 23
17 67
67 17
13 67
67 13
39 98
98 39
8 17
17 8
11 23
23 11
33 51
51 33
15 49
49 15
21 64
64 21
6 37
37 6
5 87
87 5
0 80
80 0
6 94
94 6
30 63
63 30
37 75
75 37
3 17
17 3
33 37
37 33
19 89
89 19
38 81
81 38
35 86
86 35
24 98
98 24
19 23
23 19
4 33
33 4
26 51
51 26
28 32
32 28
10 74
74 10
3 21
21 3
0 32
32 0
5 37
37 5
4 31
31 4
24 56
56 24
14 25
25 14
21 51
51 21
10 80
80 10
47 61
61 47
0 69
69 0
7 15
15 7
50 64
64 50
3 66
66 3
11 38
38 11
11 16
16 11
5 70
70 5
28 76
76 28
9 59
59 9
44 71
71 44
20 38
38 20
26 45
45 26
33 75
75 33
5 22
22 5
9 12
12 9
41 87
87 41
32 36
36 32
9 15
15 9
26 57
57 26
19 45
45 19
2 70
70 2
41 78
78 41
11 93
93 11
8 31
31 8
4 56
56 4
20 94
94 20
26 60
60 26
11 36
36 11
25 87
87 25
19 66
66 19
29 39
39 29
25 42
42 25
36 44
44 36
22 34
34 22
18 32
32 18
29 67
67 29
4 60
60 4
5 74
74 5
8 71
71 8
20 76
76 20
19 89
89 19
38 63
63 38
1 66
66 1
8 56
56 8
0 13
13 0
18 40
40 18
20 23
23 20
1 45
45 1
22 96
96 22
31 91
91 31
40 48
48 40
47 98
98 47
27 74
74 27
12 76
76 12
18 79
79 18
2 43
43 2
4 32
32 4
19 33
33 19
32 59
59 32
23 28
28 23
39 43
43 39
15 49
49 15
20 97
97 20
48 71
71 48
33 91
91 33
27 76
76 27
37 94
94 37
30 99
99 30
19 50
50 19
32 35
35 32
35 48
48 35
9 82
82 9
22 88
88 22
8 51
51 8
0 50
50 0
43 72
72 43
22 56
56 22
6 67
67 6
7 91
91 7
26 92
92 26
8 44
44 8
38 89
89 38
7 86
86 7
3 15
15 3
30 60
60 30
19 85
85 19
14 21
21 14
15 73
73 15
47 85
85 47
19 54
54 19
24 55
55 24
45 90
90 45
16 97
97 16
30 64
64 30
48 83
83 48
25 94
94 25
30 98
98 30
30 58
58 30
12 48
48 12
20 82
82 20
9 25
25 9
41 80
80 41
21 27
27 21
40 42
42 40
32 94
94 32
3 66
66 3
18 96
96 18
13 59
59 13
35 46
46 35
25 64
64 25
10 42
42 10
20 32
32 20
34 84
84 34
4 69
69 4
31 59
59 31
36 90
90 36
27 53
53 27
36 61
61 36
4 7
7 4
1 92
92 1
39 49
49 39
5 53
53 5
0 11
11 0
43 54
54 43
45 91
91 45
26 42
42 26
7 53
53 7
24 55
55 24
31 55
55 31
1 27
27 1
11 23
23 11
26 34
34 26
39 81
81 39
46 80
80 46
5 14
14 5
19 95
95 19
3 16
16 3
39 66
66 39
22 93
93 22
20 28
28 20
31 40
40 31
8 70
70 8
3 90
90 3
16 24
24 16
16 56
56 16
6 16
16 6
26 66
66 26
8 86
86 8
10 53
53 10
16 93
93 16
20 50
50 20
22 82
82 22
23 32
32 23
9 95
95 9
6 12
12 6
25 38
38 25
25 42
42 25
31 42
42 31
11 28
28 11
2 75
75 2
7 60
60 7
40 77
77 40
18 36
36 18
4 90
90 4
31 81
81 31
16 79
79 16
38 91
91 38
42 64
64 42
21 86
86 21
46 48
48 46
37 51
51 37
15 28
28 15
44 86
86 44
31 56
56 31
36 88
88 36
18 66
66 18
27 70
70 27
7 52
52 7
5 40
40 5
20 41
41 20
6 19
19 6
35 54
54 35
17 46
46 17
32 71
71 32
4 86
86 4
20 99
99 20
4 82
82 4
29 81
81 29
8 93
93 8
3 96
96 3
23 63
63 23
11 50
50 11
21 58
58 21
4 90
90 4
41 60
60 41
14 50
50 14
7 92
92 7
41 55
55 41
20 64
64 20
18 42
42 18
31 41
41 31
31 43
43 31
7 16
16 7
15 61
61 15
27 79
79 27
37 66
66 37
10 60
60 10
20 70
70 20
3 78
78 3
25 66
66 25
44 75
75 44
18 51
51 18
36 82
82 36
17 27
27 17
30 56
56 30
11 85
85 11
43 76
76 43
24 31
31 24
8 11
11 8
30 85
85 30
22 61
61 22
22 90
90 22
5 29
29 5
0 68
68 0
26 95
95 26
36 45
45 36
46 50
50 46
40 83
83 40
11 97
97 11
6 52
52 6
11 81
81 11
4 51
51 4
13 50
50 13
2 72
72 2
18 26
26 18
38 77
77 38
45 56
56 45
3 46
46 3
6 32
32 6
31 90
90 31
36 75
75 36
35 42
42 35
7 59
59 7
22 36
36 22
15 94
94 15
44 46
46 44
38 59
59 38
8 11
11 8
19 77
77 19
17 31
31 17
16 81
81 16
20 43
43 20
2 26
26 2
32 93
93 32
36 82
82 36
39 78
78 39
9 94
94 9
34 71
71 34
32 85
85 32
20 52
52 20
5 10
10 5
17 39
39 17
30 40
40 30
16 63
63 16
10 70
70 10
7 97
97 7
22 27
27 22
9 96
96 9
3 26
26 3
13 15
15 13
23 96
96 23
41 87
87 41
14 31
31 14
44 47
47 44
11 69
69 11
16 63
63 16
17 27
27 17
20 97
97 20
23 76
76 23
17 96
96 17
1 10
10 1
21 80
80 21
43 57
57 43
43 66
66 43
4 68
68 4
33 38
38 33
28 73
73 28
5 83
83 5
1 21
21 1
15 99
99 15
20 51
51 20
19 45
45 19
42 96
96 42
8 85
85 8
42 48
48 42
0 62
62 0
5 20
20 5
20 28
28 20
31 99
99 31
8 93
93 8
29 65
65 29
34 75
75 34
11 92
92 11
41 44
44 41
21 84
84 21
15 20
20 15
28 76
76 28
2 93
93 2
27 63
63 27
29 46
46 29
20 72
72 20
11 59
59 11
14 82
82 14
16 64
64 16
18 61
61 18
9 24
24 9
23 38
38 23
39 88
88 39
0 9
9 0
0 30
30 0
29 87
87 29
11 41
41 11
0 31
31 0
1 90
90 1
26 29
29 26
16 93
93 16
13 60
60 13
24 45
45 24
20 40
40 20
3 67
67 3
38 51
51 38
43 76
76 43
14 18
18 14
16 96
96 16
26 29
29 26
20 52
52 20
33 94
94 33
1 99
99 1
13 84
84 13
20 51
51 20
40 56
56 40
32 34
34 32
2 96
96 2
11 23
23 11
0 17
17 0
25 69
69 25
41 86
86 41
22 38
38 22
2 40
40 2
28 49
49 28
20 74
74 20
1 59
59 1
18 66
66 18
43 59
59 43
8 47
47 8
19 87
87 19
30 81
81 30
17 90
90 17
2 44
44 2
39 76
76 39
12 86
86 12
19 72
72 19
6 95
95 6
3 23
23 3
24 61
61 24
11 85
85 11
0 15
15 0
32 65
65 32
2 21
21 2
3 74
74 3
19 43
43 19
23 66
66 23
20 38
38 20
15 49
49 15
6 81
81 6
36 38
38 36
10 87
87 10
16 74
74 16
6 58
58 6
24 42
42 24
5 30
30 5
18 31
31 18
2 73
73 2
12 67
67 12
36 79
79 36
3 56
56 3
23 67
67 23
8 81
81 8
16 29
29 16
16 40
40 16
32 91
91 32
20 60
60 20
22 55
55 22
11 51
51 11
3 43
43 3
36 71
71 36
24 26
26 24
31 79
79 31
24 27
27 24
23 64
64 23
10 47
47 10
40 66
66 40
34 52
52 34
22 33
33 22
7 25
25 7
16 23
23 16
4 88
88 4
18 42
42 18
6 63
63 6
22 74
74 22
1 35
35 1
6 54
54 6
12 38
38 12
21 40
40 21
10 40
40 10
15 73
73 15
2 62
62 2
20 69
69 20
36 48
48 36
31 35
35 31
24 71
71 24
23 62
62 23
2 83
83 2
24 41
41 24
26 65
65 26
1 73
73 1
34 56
56 34
7 47
47 7
10 69
69 10
38 88
88 38
16 37
37 16
33 93
93 33
16 77
77 16
40 42
42 40
32 90
90 32
23 86
86 23
40 82
82 40
6 25
25 6
41 96
96 41
28 36
36 28
18 78
78 18
23 94
94 23
28 35
35 28
8 54
54 8
26 69
69 26
16 65
65 16
8 97
97 8
38 55
55 38
34 94
94 34
24 62
62 24
18 55
55 18
13 90
90 13
26 46
46 26
2 21
21 2
25 76
76 25
41 96
96 41
11 23
23 11
31 97
97 31
11 21
21 11
20 66
66 20
28 51
51 28
17 98
98 17
13 76
76 13
16 68
68 16
7 80
80 7
23 89
89 23
15 97
97 15
0 50
50 0
8 36
36 8
1 44
44 1
15 70
70 15
6 66
66 6
8 21
21 8
23 81
81 23
41 59
59 41
35 80
80 35
8 47
47 8
0 46
46 0
0 85
85 0
27 47
47 27
16 64
64 16
25 48
48 25
37 97
97 37
18 33
33 18
18 95
95 18
29 75
75 29
34 96
96 34
24 69
69 24
13 80
80 13
38 49
49 38
30 61
61 30
6 63
63 6
0 8
8 0
36 75
75 36
22 35
35 22
21 52
52 21
13 84
84 13
31 37
37 31
38 58
58 38
34 92
92 34
13 34
34 13
26 73
73 26
21 83
83 21
5 99
99 5
29 41
41 29
21 39
39 21
28 64
64 28
17 36
36 17
23 96
96 23
19 43
43 19
18 69
69 18
21 93
93 21
8 70
70 8
4 10
10 4
19 76
76 19
12 57
57 12
26 58
58 26
25 99
99 25
6 39
39 6
35 66
66 35
5 53
53 5
26 52
52 26
33 84
84 33
6 70
70 6
30 83
83 30
28 79
79 28
19 64
64 19
9 91
91 9
7 13
13 7
34 65
65 34
25 96
96 25
15 27
27 15
19 71
71 19
27 81
81 27
31 85
85 31
7 49
49 7
11 89
89 11
4 72
72 4
26 33
33 26
26 47
47 26
15 68
68 15
24 91
91 24
31 45
45 31
4 14
14 4
38 66
66 38
40 42
42 40
11 87
87 11
35 70
70 35
23 75
75 23
5 49
49 5
1 26
26 1
39 62
62 39
33 65
65 33
29 96
96 29
10 20
20 10
40 45
45 40
1 75
75 1
3 22
22 3
31 74
74 31
25 89
89 25
7 81
81 7
34 58
58 34
39 99
99 39
1 97
97 1
6 33
33 6
21 55
55 21
31 48
48 31
14 43
43 14
17 63
63 17
15 96
96 15
3 88
88 3
0 95
95 0
36 80
80 36
12 92
92 12
0 24
24 0
4 86
86 4
21 80
80 21
11 18
18 11
29 88
88 29
33 52
52 33
2 90
90 2
22 86
86 22
32 63
63 32
10 65
65 10
31 78
78 31
35 48
48 35
17 83
83 17
0 57
57 0
6 33
33 6
21 45
45 21
37 69
69 37
5 77
77 5
1 57
57 1
36 75
75 36
13 34
34 13
2 63
63 2
35 62
62 35
16 34
34 16
25 29
29 25
38 87
87 38
25 98
98 25
3 23
23 3
2 75
75 2
19 71
71 19
11 14
14 11
33 41
41 33
16 91
91 16
6 64
64 6
21 96
96 21
13 75
75 13
19 48
48 19
16 46
46 16
28 80
80 28
0 66
66 0
25 92
92 25
19 60
60 19
16 21
21 16
10 75
75 10
36 57
57 36
2 11
11 2
27 99
99 27
9 59
59 9
33 82
82 33
23 55
55 23
6 53
53 6
9 35
35 9
26 85
85 26
5 67
67 5
1 75
75 1
33 36
36 33
24 69
69 24
26 56
56 26
20 59
59 20
37 83
83 37
19 80
80 19
11 55
55 11
23 93
93 23
15 44
44 15
2 62
62 2
9 84
84 9
0 19
19 0
7 58
58 7
22 50
50 22
19 30
30 19
36 72
72 36
24 30
30 24
23 97
97 23
15 72
72 15
12 36
36 12
3 29
29 3
9 63
63 9
8 66
66 8
36 44
44 36
12 55
55 12
2 6
6 2
24 35
35 24
12 80
80 12
2 37
37 2
8 78
78 8
28 51
51 28
20 83
83 20
36 87
87 36
4 64
64 4
25 35
35 25
27 47
47 27
2 21
21 2
3 62
62 3
30 49
49 30
5 44
44 5
13 95
95 13
23 31
31 23
18 45
45 18
3 11
11 3
32 93
93 32
19 87
87 19
18 72
72 18
36 44
44 36
33 95
95 33
35 46
46 35
0 95
95 0
20 51
51 20
27 48
48 27
5 35
35 5
11 58
58 11
36 80
80 36
28 72
72 28
14 83
83 14
11 42
42 11
36 95
95 36
29 84
84 29
24 51
51 24
29 62
62 29
7 53
53 7
6 97
97 6
16 81
81 16
31 53
53 31
9 17
17 9
36 61
61 36
0 5
5 0
36 39
39 36
25 39
39 25
23 63
63 23
22 95
95 22
35 63
63 35
32 39
39 32
11 63
63 11
19 73
73 19
37 77
77 37
22 79
79 22
28 65
65 28
16 97
97 16
33 52
52 33
31 66
66 31
9 58
58 9
3 48
48 3
22 89
89 22
35 38
38 35
14 70
70 14
25 35
35 25
29 57
57 29
3 22
22 3
10 99
99 10
16 52
52 16
37 60
60 37
14 48
48 14
3 5
5 3
33 83
83 33
23 29
29 23
23 56
56 23
8 22
22 8
5 90
90 5
18 80
80 18
2 46
46 2
18 35
35 18
12 15
15 12
6 12
12 6
27 64
64 27
2 81
81 2
29 85
85 29
17 38
38 17
25 94
94 25
36 91
91 36
8 78
78 8
15 70
70 15
15 62
62 15
0 41
41 0
23 57
57 23
27 48
48 27
11 95
95 11
3 52
52 3
1 53
53 1
4 66
66 4
18 31
31 18
6 48
48 6
32 76
76 32
5 51
51 5
34 79
79 34
3 10
10 3
26 49
49 26
6 13
13 6
7 57
57 7
21 23
23 21
35 93
93 35
23 89
89 23
16 64
64 16
13 88
88 13
2 64
64 2
13 19
19 13
19 68
68 19
27 97
97 27
3 49
49 3
34 55
55 34
12 54
54 12
22 27
27 22
4 16
16 4
16 84
84 16
23 77
77 23
22 87
87 22
27 94
94 27
12 36
36 12
31 70
70 31
0 23
23 0
5 65
65 5
18 34
34 18
24 93
93 24
3 61
61 3
16 95
95 16
29 46
46 29
3 47
47 3
28 39
39 28
23 56
56 23
14 43
43 14
26 85
85 26
26 75
75 26
4 93
93 4
11 35
35 11
36 43
43 36
20 49
49 20
4 40
40 4
3 52
52 3
25 37
37 25
6 20
20 6
7 48
48 7
11 74
74 11
18 68
68 18
29 83
83 29
10 80
80 10
3 22
22 3
32 78
78 32
6 37
37 6
12 51
51 12
6 99
99 6
13 55
55 13
21 52
52 21
25 32
32 25
4 29
29 4
11 21
21 11
7 80
80 7
28 38
38 28
4 26
26 4
29 49
49 29
0 10
10 0
3 10
10 3
0 36
36 0
11 90
90 11
24 50
50 24
25 39
39 25
14 76
76 14
18 21
21 18
20 79
79 20
26 81
81 26
5 10
10 5
27 52
52 27
8 98
98 8
25 28
28 25
24 93
93 24
18 59
59 18
16 51
51 16
12 40
40 12
33 72
72 33
9 32
32 9
0 75
75 0
0 9
9 0
29 98
98 29
13 90
90 13
3 64
64 3
26 63
63 26
18 33
33 18
14 83
83 14
8 80
80 8
2 96
96 2
12 74
74 12
31 42
42 31
27 92
92 27
17 99
99 17
34 82
82 34
15 87
87 15
21 36
36 21
33 56
56 33
19 49
49 19
22 73
73 22
33 97
97 33
34 90
90 34
28 33
33 28
2 96
96 2
24 87
87 24
1 39
39 1
31 72
72 31
12 87
87 12
12 23
23 12
21 68
68 21
14 74
74 14
30 64
64 30
4 47
47 4
32 61
61 32
4 76
76 4
0 61
61 0
22 92
92 22
11 30
30 11
13 15
15 13
33 90
90 33
0 59
59 0
12 45
45 12
1 19
19 1
3 39
39 3
1 32
32 1
10 83
83 10
12 15
15 12
15 54
54 15
33 94
94 33
20 69
69 20
10 73
73 10
29 61
61 29
10 24
24 10
9 17
17 9
10 82
82 10
17 69
69 17
1 19
19 1
11 34
34 11
25 29
29 25
3 9
9 3
8 53
53 8
26 92
92 26
6 13
13 6
25 87
87 25
24 52
52 24
5 43
43 5
27 73
73 27
0 28
28 0
23 45
45 23
3 15
15 3
17 83
83 17
1 90
90 1
2 88
88 2
12 94
94 12
32 91
91 32
26 40
40 26
16 54
54 16
15 63
63 15
17 70
70 17
15 49
49 15
9 76
76 9
12 87
87 12
32 99
99 32
32 96
96 32
9 18
18 9
21 32
32 21
6 73
73 6
3 36
36 3
5 74
74 5
7 41
41 7
7 86
86 7
5 60
60 5
26 96
96 26
19 32
32 19
23 86
86 23
27 37
37 27
33 88
88 33
11 89
89 11
32 80
80 32
2 14
14 2
13 63
63 13
11 26
26 11
11 39
39 11
17 57
57 17
26 81
81 26
32 79
79 32
10 35
35 10
17 61
61 17
1 90
90 1
12 26
26 12
5 30
30 5
5 71
71 5
2 55
55 2
13 60
60 13
13 59
59 13
32 96
96 32
2 79
79 2
26 60
60 26
22 74
74 22
23 58
58 23
4 65
65 4
21 71
71 21
13 15
15 13
6 63
63 6
26 52
52 26
2 76
76 2
17 92
92 17
28 46
46 28
31 81
81 31
6 56
56 6
32 69
69 32
3 86
86 3
10 97
97 10
2 96
96 2
30 99
99 30
30 47
47 30
16 27
27 16
1 31
31 1
5 94
94 5
10 50
50 10
0 10
10 0
16 39
39 16
29 33
33 29
14 89
89 14
21 93
93 21
15 50
50 15
18 78
78 18
33 42
42 33
2 73
73 2
22 76
76 22
8 16
16 8
20 60
60 20
32 82
82 32
18 91
91 18
18 59
59 18
13 92
92 13
22 48
48 22
32 73
73 32
15 17
17 15
23 66
66 23
22 92
92 22
3 66
66 3
1 29
29 1
32 45
45 32
12 68
68 12
10 42
42 10
19 40
40 19
7 30
30 7
6 21
21 6
17 66
66 17
0 44
44 0
28 68
68 28
25 94
94 25
30 97
97 30
3 67
67 3
24 26
26 24
21 71
71 21
6 62
62 6
5 80
80 5
26 83
83 26
17 33
33 17
6 30
30 6
16 97
97 16
25 76
76 25
20 99
99 20
17 95
95 17
5 75
75 5
2 78
78 2
7 95
95 7
4 98
98 4
14 63
63 14
31 66
66 31
29 73
73 29
20 52
52 20
9 82
82 9
1 7
7 1
27 76
76 27
26 86
86 26
26 75
75 26
27 30
30 27
27 77
77 27
4 47
47 4
11 46
46 11
11 62
62 11
0 49
49 0
18 69
69 18
17 93
93 17
22 83
83 22
20 71
71 20
20 42
42 20
0 92
92 0
21 97
97 21
25 48
48 25
24 27
27 24
29 64
64 29
26 61
61 26
22 40
40 22
1 73
73 1
6 89
89 6
25 56
56 25
4 10
10 4
13 59
59 13
28 56
56 28
7 74
74 7
19 78
78 19
28 61
61 28
17 89
89 17
19 86
86 19
19 79
79 19
24 37
37 24
19 25
25 19
19 98
98 19
9 32
32 9
9 22
22 9
10 92
92 10
20 74
74 20
8 92
92 8
31 66
66 31
23 32
32 23
18 57
57 18
23 96
96 23
18 84
84 18
23 39
39 23
27 62
62 27
6 96
96 6
10 62
62 10
18 47
47 18
26 59
59 26
18 87
87 18
17 53
53 17
5 86
86 5
14 43
43 14
28 41
41 28
19 95
95 19
18 43
43 18
28 81
81 28
9 15
15 9
9 84
84 9
27 92
92 27
6 21
21 6
6 59
59 6
1 24
24 1
15 88
88 15
8 90
90 8
1 44
44 1
27 33
33 27
24 32
32 24
0 42
42 0
30 94
94 30
0 19
19 0
9 84
84 9
25 80
80 25
13 30
30 13
9 77
77 9
21 73
73 21
0 5
5 0
15 41
41 15
30 47
47 30
10 45
45 10
14 31
31 14
25 38
38 25
21 42
42 21
30 45
45 30
13 80
80 13
30 70
70 30
7 88
88 7
8 75
75 8
25 65
65 25
7 49
49 7
24 36
36 24
13 62
62 13
15 44
44 15
1 75
75 1
8 99
99 8
10 90
90 10
23 56
56 23
30 60
60 30
13 19
19 13
21 71
71 21
30 76
76 30
3 6
6 3
4 75
75 4
17 30
30 17
19 83
83 19
7 38
38 7
3 23
23 3
30 35
35 30
7 99
99 7
12 82
82 12
10 55
55 10
8 43
43 8
28 74
74 28
23 66
66 23
6 76
76 6
13 95
95 13
7 45
45 7
2 8
8 2
28 55
55 28
15 58
58 15
26 98
98 26
6 84
84 6
2 92
92 2
20 38
38 20
14 76
76 14
18 52
52 18
3 19
19 3
12 22
22 12
8 42
42 8
3 68
68 3
11 70
70 11
23 88
88 23
10 24
24 10
3 68
68 3
10 30
30 10
8 94
94 8
18 47
47 18
0 2
2 0
12 49
49 12
6 93
93 6
30 50
50 30
14 72
72 14
0 86
86 0
25 28
28 25
28 98
98 28
5 79
79 5
2 68
68 2
28 49
49 28
6 65
65 6
18 35
35 18
18 22
22 18
13 41
41 13
11 85
85 11
17 42
42 17
7 77
77 7
14 34
34 14
2 43
43 2
3 47
47 3
9 83
83 9
12 78
78 12
24 92
92 24
1 29
29 1
3 36
36 3
14 69
69 14
22 83
83 22
19 80
80 19
18 50
50 18
20 43
43 20
10 89
89 10
29 49
49 29
3 51
51 3
16 45
45 16
14 81
81 14
11 38
38 11
8 54
54 8
18 54
54 18
5 53
53 5
8 28
28 8
4 40
40 4
3 97
97 3
22 50
50 22
9 91
91 9
21 88
88 21
13 75
75 13
11 46
46 11
15 63
63 15
15 50
50 15
7 96
96 7
26 45
45 26
9 33
33 9
21 85
85 21
26 50
50 26
9 65
65 9
6 86
86 6
9 22
22 9
3 99
99 3
9 34
34 9
9 28
28 9
17 90
90 17
9 64
64 9
15 26
26 15
6 66
66 6
11 71
71 11
19 38
38 19
22 27
27 22
15 27
27 15
29 37
37 29
0 68
68 0
9 68
68 9
1 33
33 1
5 52
52 5
15 39
39 15
21 78
78 21
7 42
42 7
22 29
29 22
22 28
28 22
28 86
86 28
1 45
45 1
28 43
43 28
16 43
43 16
9 12
12 9
4 71
71 4
27 38
38 27
24 62
62 24
21 70
70 21
7 95
95 7
24 78
78 24
18 68
68 18
10 51
51 10
3 27
27 3
22 49
49 22
12 49
49 12
17 73
73 17
17 23
23 17
1 11
11 1
24 94
94 24
25 75
75 25
2 60
60 2
14 90
90 14
2 80
80 2
4 65
65 4
2 37
37 2
21 97
97 21
20 77
77 20
7 40
40 7
5 43
43 5
0 5
5 0
28 80
80 28
11 56
56 11
15 48
48 15
22 47
47 22
15 70
70 15
10 86
86 10
26 69
69 26
17 20
20 17
18 47
47 18
6 53
53 6
1 55
55 1
19 54
54 19
7 12
12 7
0 55
55 0
18 78
78 18
4 6
6 4
20 22
22 20
10 91
91 10
19 52
52 19
3 95
95 3
15 17
17 15
25 90
90 25
9 99
99 9
25 85
85 25
22 97
97 22
17 61
61 17
17 72
72 17
9 79
79 9
7 56
56 7
10 51
51 10
25 81
81 25
8 15
15 8
24 79
79 24
10 21
21 10
24 62
62 24
6 87
87 6
13 52
52 13
0 22
22 0
6 17
17 6
7 89
89 7
0 54
54 0
10 83
83 10
9 33
33 9
10 72
72 10
2 82
82 2
23 81
81 23
14 87
87 14
0 27
27 0
10 29
29 10
22 62
62 22
25 90
90 25
23 98
98 23
18 22
22 18
26 40
40 26
3 55
55 3
15 27
27 15
23 42
42 23
19 57
57 19
18 31
31 18
3 46
46 3
26 70
70 26
5 88
88 5
17 40
40 17
2 15
15 2
17 76
76 17
1 86
86 1
7 40
40 7
0 64
64 0
22 77
77 22
23 56
56 23
16 47
47 16
11 78
78 11
24 67
67 24
3 64
64 3
0 18
18 0
21 52
52 21
2 22
22 2
14 40
40 14
3 70
70 3
24 69
69 24
19 96
96 19
17 35
35 17
21 74
74 21
8 81
81 8
12 68
68 12
5 63
63 5
20 63
63 20
7 61
61 7
17 77
77 17
19 24
24 19
5 77
77 5
26 47
47 26
11 78
78 11
24 27
27 24
11 19
19 11
6 17
17 6
17 55
55 17
23 99
99 23
5 21
21 5
4 51
51 4
13 97
97 13
26 77
77 26
1 14
14 1
21 63
63 21
16 27
27 16
0 75
75 0
24 92
92 24
15 95
95 15
20 56
56 20
16 46
46 16
12 84
84 12
20 85
85 20
8 15
15 8
18 29
29 18
9 14
14 9
21 71
71 21
21 75
75 21
18 64
64 18
8 72
72 8
7 29
29 7
21 97
97 21
15 47
47 15
9 19
19 9
15 74
74 15
8 89
89 8
18 74
74 18
13 85
85 13
18 34
34 18
5 46
46 5
13 34
34 13
25 93
93 25
1 96
96 1
3 94
94 3
19 61
61 19
13 19
19 13
1 12
12 1
18 32
32 18
18 66
66 18
8 25
25 8
25 66
66 25
26 82
82 26
1 21
21 1
5 37
37 5
3 87
87 3
8 36
36 8
4 71
71 4
0 69
69 0
8 58
58 8
7 15
15 7
0 28
28 0
4 10
10 4
5 9
9 5
6 20
20 6
9 65
65 9
20 36
36 20
24 78
78 24
20 24
24 20
13 60
60 13
17 29
29 17
15 25
25 15
17 39
39 17
22 55
55 22
15 59
59 15
3 8
8 3
19 65
65 19
12 42
42 12
19 39
39 19
23 88
88 23
1 70
70 1
19 57
57 19
1 17
17 1
4 40
40 4
17 23
23 17
15 65
65 15
25 81
81 25
20 23
23 20
8 31
31 8
21 32
32 21
1 93
93 1
23 83
83 23
0 34
34 0
22 53
53 22
24 92
92 24
17 46
46 17
15 54
54 15
25 52
52 25
11 13
13 11
19 22
22 19
14 40
40 14
9 59
59 9
7 67
67 7
3 43
43 3
24 96
96 24
21 32
32 21
8 96
96 8
19 92
92 19
2 71
71 2
17 60
60 17
25 35
35 25
8 70
70 8
24 69
69 24
5 11
11 5
0 70
70 0
7 81
81 7
15 42
42 15
13 21
21 13
14 52
52 14
16 82
82 16
1 16
16 1
7 72
72 7
9 48
48 9
12 19
19 12
2 53
53 2
22 60
60 22
5 30
30 5
23 44
44 23
19 30
30 19
0 81
81 0
0 90
90 0
0 85
85 0
19 93
93 19
3 37
37 3
5 98
98 5
25 62
62 25
5 34
34 5
11 54
54 11
24 97
97 24
1 35
35 1
13 91
91 13
4 69
69 4
11 35
35 11
24 26
26 24
1 54
54 1
22 36
36 22
23 89
89 23
22 98
98 22
8 84
84 8
8 16
16 8
14 98
98 14
2 51
51 2
6 75
75 6
6 18
18 6
2 33
33 2
16 97
97 16
8 68
68 8
2 64
64 2
15 42
42 15
20 26
26 20
23 73
73 23
18 61
61 18
18 81
81 18
21 58
58 21
20 46
46 20
10 55
55 10
10 62
62 10
23 27
27 23
14 88
88 14
12 65
65 12
11 70
70 11
12 34
34 12
0 51
51 0
8 75
75 8
11 80
80 11
4 58
58 4
5 70
70 5
6 67
67 6
3 59
59 3
17 52
52 17
9 58
58 9
16 39
39 16
12 54
54 12
19 48
48 19
15 81
81 15
10 75
75 10
14 97
97 14
24 26
26 24
13 28
28 13
7 72
72 7
10 87
87 10
3 43
43 3
17 91
91 17
7 47
47 7
24 45
45 24
8 33
33 8
6 78
78 6
4 17
17 4
0 65
65 0
13 37
37 13
15 49
49 15
19 47
47 19
4 81
81 4
12 36
36 12
15 32
32 15
22 37
37 22
10 98
98 10
17 53
53 17
5 81
81 5
22 60
60 22
7 24
24 7
13 54
54 13
3 83
83 3
13 29
29 13
19 35
35 19
8 88
88 8
22 51
51 22
21 24
24 21
11 56
56 11
1 46
46 1
0 24
24 0
22 69
69 22
24 58
58 24
4 60
60 4
2 13
13 2
21 29
29 21
19 64
64 19
21 52
52 21
3 31
31 3
2 38
38 2
17 29
29 17
5 96
96 5
15 51
51 15
0 52
52 0
22 75
75 22
4 36
36 4
20 67
67 20
8 20
20 8
0 9
9 0
0 40
40 0
2 70
70 2
16 51
51 16
8 75
75 8
2 64
64 2
22 80
80 22
0 4
4 0
17 89
89 17
6 32
32 6
0 71
71 0
12 24
24 12
1 12
12 1
23 36
36 23
10 22
22 10
7 32
32 7
8 68
68 8
5 36
36 5
17 45
45 17
17 70
70 17
18 75
75 18
7 81
81 7
4 62
62 4
21 23
23 21
5 72
72 5
19 56
56 19
0 85
85 0
7 66
66 7
13 82
82 13
18 76
76 18
17 58
58 17
4 99
99 4
7 33
33 7
6 98
98 6
3 53
53 3
23 51
51 23
6 24
24 6
9 55
55 9
15 58
58 15
12 37
37 12
9 20
20 9
18 65
65 18
6 35
35 6
12 34
34 12
8 23
23 8
6 91
91 6
6 42
42 6
9 86
86 9
2 26
26 2
7 14
14 7
13 71
71 13
16 35
35 16
5 69
69 5
21 29
29 21
7 28
28 7
10 53
53 10
11 53
53 11
0 89
89 0
9 67
67 9
21 95
95 21
11 88
88 11
18 64
64 18
2 46
46 2
19 21
21 19
12 81
81 12
7 44
44 7
10 51
51 10
18 81
81 18
18 21
21 18
15 68
68 15
19 85
85 19
17 46
46 17
6 9
9 6
17 59
59 17
18 95
95 18
7 9
9 7
14 22
22 14
3 9
9 3
21 72
72 21
8 30
30 8
19 65
65 19
18 39
39 18
14 66
66 14
8 38
38 8
19 23
23 19
6 39
39 6
14 99
99 14
19 43
43 19
20 24
24 20
3 97
97 3
1 75
75 1
17 63
63 17
1 34
34 1
5 64
64 5
5 18
18 5
11 18
18 11
14 66
66 14
18 24
24 18
21 45
45 21
1 71
71 1
4 58
58 4
9 80
80 9
1 88
88 1
6 32
32 6
0 73
73 0
8 26
26 8
0 67
67 0
21 48
48 21
20 50
50 20
14 48
48 14
0 70
70 0
17 97
97 17
19 39
39 19
0 76
76 0
17 69
69 17
10 88
88 10
22 55
55 22
14 89
89 14
10 30
30 10
10 95
95 10
5 92
92 5
13 48
48 13
22 69
69 22
0 94
94 0
0 19
19 0
12 99
99 12
7 28
28 7
19 85
85 19
18 26
26 18
11 34
34 11
16 92
92 16
10 17
17 10
13 41
41 13
3 58
58 3
12 26
26 12
19 84
84 19
1 49
49 1
7 93
93 7
13 49
49 13
12 97
97 12
4 73
73 4
21 57
57 21
11 13
13 11
20 33
33 20
8 55
55 8
7 45
45 7
20 78
78 20
13 34
34 13
19 91
91 19
7 91
91 7
14 73
73 14
11 58
58 11
2 67
67 2
6 33
33 6
12 83
83 12
2 13
13 2
8 48
48 8
22 24
24 22
13 51
51 13
5 86
86 5
18 36
36 18
6 21
21 6
0 6
6 0
13 16
16 13
9 78
78 9
5 52
52 5
18 55
55 18
21 80
80 21
1 34
34 1
1 38
38 1
2 80
80 2
20 86
86 20
5 32
32 5
15 22
22 15
11 50
50 11
4 90
90 4
0 2
2 0
1 97
97 1
8 58
58 8
3 33
33 3
18 89
89 18
12 27
27 12
5 57
57 5
14 90
90 14
1 96
96 1
5 54
54 5
10 76
76 10
2 46
46 2
1 37
37 1
13 70
70 13
15 97
97 15
5 52
52 5
8 68
68 8
6 88
88 6
9 19
19 9
5 43
43 5
10 49
49 10
20 44
44 20
0 94
94 0
0 19
19 0
14 96
96 14
11 60
60 11
5 76
76 5
20 93
93 20
4 27
27 4
19 89
89 19
14 32
32 14
15 95
95 15
7 81
81 7
10 40
40 10
8 63
63 8
14 49
49 14
8 53
53 8
7 65
65 7
0 5
5 0
10 99
99 10
9 71
71 9
3 67
67 3
4 43
43 4
19 54
54 19
9 80
80 9
15 57
57 15
16 49
49 16
13 24
24 13
10 65
65 10
14 58
58 14
14 83
83 14
2 55
55 2
10 77
77 10
13 96
96 13
9 30
30 9
10 85
85 10
18 96
96 18
0 54
54 0
12 56
56 12
16 71
71 16
16 20
20 16
16 36
36 16
8 53
53 8
3 37
37 3
16 85
85 16
11 16
16 11
2 76
76 2
20 55
55 20
6 40
40 6
8 70
70 8
20 94
94 20
4 81
81 4
0 84
84 0
15 63
63 15
16 31
31 16
1 51
51 1
3 91
91 3
10 26
26 10
16 81
81 16
2 60
60 2
11 64
64 11
6 43
43 6
15 41
41 15
1 67
67 1
12 69
69 12
3 74
74 3
7 55
55 7
4 43
43 4
17 91
91 17
13 59
59 13
9 92
92 9
4 97
97 4
17 44
44 17
15 78
78 15
9 24
24 9
8 97
97 8
6 43
43 6
18 93
93 18
16 79
79 16
17 81
81 17
20 26
26 20
7 65
65 7
10 34
34 10
7 92
92 7
12 92
92 12
6 86
86 6
0 49
49 0
18 54
54 18
20 30
30 20
9 62
62 9
11 85
85 11
0 10
10 0
14 67
67 14
14 55
55 14
4 83
83 4
18 89
89 18
19 31
31 19
2 22
22 2
6 35
35 6
3 85
85 3
17 88
88 17
6 16
16 6
12 44
44 12
14 48
48 14
10 32
32 10
19 85
85 19
10 19
19 10
0 46
46 0
17 94
94 17
3 32
32 3
7 54
54 7
16 87
87 16
11 24
24 11
0 2
2 0
20 33
33 20
10 96
96 10
2 66
66 2
9 18
18 9
8 45
45 8
13 27
27 13
6 36
36 6
6 68
68 6
18 31
31 18
3 47
47 3
19 68
68 19
6 16
16 6
6 60
60 6
8 54
54 8
3 70
70 3
0 13
13 0
9 66
66 9
15 81
81 15
3 93
93 3
10 48
48 10
13 72
72 13
19 40
40 19
9 65
65 9
7 52
52 7
12 81
81 12
3 68
68 3
11 98
98 11
7 81
81 7
15 97
97 15
16 69
69 16
11 56
56 11
17 52
52 17
11 24
24 11
12 90
90 12
5 87
87 5
5 68
68 5
17 45
45 17
15 25
25 15
17 67
67 17
6 63
63 6
5 95
95 5
14 90
90 14
12 35
35 12
3 79
79 3
11 98
98 11
13 20
20 13
2 47
47 2
7 45
45 7
2 29
29 2
19 25
25 19
7 10
10 7
6 95
95 6
18 21
21 18
15 94
94 15
4 60
60 4
2 40
40 2
6 19
19 6
17 39
39 17
16 34
34 16
3 58
58 3
9 61
61 9
1 28
28 1
9 72
72 9
11 63
63 11
18 58
58 18
12 34
34 12
8 86
86 8
4 50
50 4
17 36
36 17
9 90
90 9
1 25
25 1
18 41
41 18
8 84
84 8
11 33
33 11
8 64
64 8
14 78
78 14
11 74
74 11
0 68
68 0
12 90
90 12
12 34
34 12
10 13
13 10
5 89
89 5
9 77
77 9
3 66
66 3
13 60
60 13
9 38
38 9
3 32
32 3
15 61
61 15
14 73
73 14
17 22
22 17
8 80
80 8
3 32
32 3
4 88
88 4
12 48
48 12
9 47
47 9
1 12
12 1
13 85
85 13
18 56
56 18
10 93
93 10
3 82
82 3
2 94
94 2
17 24
24 17
6 81
81 6
18 59
59 18
5 94
94 5
18 45
45 18
15 73
73 15
8 34
34 8
2 87
87 2
10 93
93 10
18 58
58 18
0 17
17 0
5 86
86 5
15 73
73 15
17 92
92 17
3 70
70 3
6 18
18 6
4 48
48 4
6 78
78 6
2 74
74 2
6 79
79 6
1 7
7 1
16 25
25 16
6 30
30 6
16 84
84 16
10 50
50 10
3 86
86 3
8 77
77 8
17 78
78 17
4 84
84 4
17 21
21 17
2 5
5 2
13 77
77 13
17 34
34 17
2 35
35 2
7 91
91 7
6 72
72 6
9 80
80 9
10 48
48 10
8 55
55 8
0 68
68 0
1 28
28 1
12 89
89 12
3 94
94 3
0 86
86 0
5 79
79 5
4 68
68 4
0 28
28 0
9 17
17 9
12 66
66 12
5 54
54 5
2 83
83 2
6 74
74 6
8 11
11 8
3 41
41 3
3 80
80 3
11 40
40 11
11 59
59 11
16 33
33 16
4 85
85 4
8 10
10 8
16 32
32 16
5 85
85 5
9 57
57 9
15 65
65 15
8 13
13 8
7 15
15 7
3 60
60 3
16 31
31 16
17 68
68 17
2 63
63 2
17 50
50 17
4 12
12 4
16 53
53 16
6 73
73 6
17 53
53 17
14 60
60 14
11 50
50 11
7 33
33 7
9 86
86 9
1 51
51 1
8 62
62 8
15 47
47 15
16 67
67 16
17 65
65 17
12 32
32 12
0 80
80 0
16 44
44 16
16 88
88 16
2 83
83 2
10 46
46 10
1 67
67 1
3 18
18 3
15 67
67 15
2 51
51 2
0 58
58 0
15 44
44 15
0 83
83 0
6 62
62 6
0 21
21 0
16 79
79 16
7 70
70 7
8 25
25 8
17 33
33 17
7 20
20 7
12 59
59 12
2 68
68 2
4 32
32 4
6 41
41 6
15 87
87 15
10 86
86 10
5 80
80 5
12 54
54 12
2 62
62 2
9 80
80 9
2 96
96 2
7 28
28 7
0 20
20 0
1 31
31 1
9 48
48 9
10 69
69 10
9 71
71 9
0 95
95 0
6 49
49 6
0 75
75 0
2 39
39 2
5 73
73 5
2 28
28 2
8 84
84 8
14 99
99 14
16 60
60 16
7 97
97 7
7 96
96 7
0 10
10 0
1 73
73 1
8 86
86 8
2 30
30 2
7 65
65 7
1 49
49 1
4 88
88 4
12 19
19 12
8 39
39 8
7 51
51 7
5 40
40 5
14 98
98 14
9 68
68 9
8 33
33 8
14 40
40 14
5 68
68 5
5 26
26 5
9 88
88 9
14 90
90 14
0 51
51 0
13 31
31 13
16 31
31 16
9 13
13 9
13 56
56 13
4 39
39 4
5 17
17 5
3 93
93 3
1 22
22 1
4 41
41 4
6 65
65 6
12 86
86 12
1 31
31 1
0 98
98 0
15 62
62 15
0 70
70 0
12 70
70 12
10 83
83 10
1 52
52 1
15 91
91 15
16 30
30 16
13 17
17 13
7 47
47 7
3 63
63 3
6 70
70 6
9 62
62 9
6 26
26 6
1 90
90 1
12 73
73 12
3 51
51 3
0 2
2 0
14 64
64 14
12 43
43 12
12 53
53 12
0 96
96 0
12 29
29 12
7 76
76 7
1 81
81 1
9 92
92 9
0 59
59 0
7 73
73 7
14 66
66 14
12 65
65 12
12 97
97 12
3 61
61 3
6 21
21 6
4 57
57 4
3 77
77 3
1 8
8 1
13 65
65 13
1 79
79 1
6 85
85 6
4 25
25 4
8 26
26 8
8 92
92 8
7 14
14 7
15 88
88 15
15 92
92 15
14 90
90 14
6 77
77 6
1 34
34 1
4 21
21 4
12 86
86 12
9 42
42 9
12 71
71 12
2 25
25 2
2 59
59 2
7 14
14 7
2 83
83 2
12 38
38 12
5 64
64 5
6 36
36 6
13 56
56 13
1 14
14 1
8 80
80 8
14 91
91 14
11 41
41 11
2 90
90 2
5 51
51 5
3 79
79 3
14 55
55 14
10 43
43 10
4 78
78 4
2 31
31 2
12 38
38 12
5 31
31 5
7 56
56 7
7 90
90 7
15 91
91 15
15 66
66 15
1 11
11 1
1 79
79 1
7 91
91 7
6 62
62 6
14 50
50 14
12 70
70 12
7 17
17 7
4 90
90 4
11 15
15 11
12 15
15 12
11 70
70 11
9 41
41 9
8 46
46 8
7 96
96 7
13 59
59 13
8 79
79 8
3 95
95 3
8 34
34 8
8 85
85 8
2 25
25 2
7 55
55 7
11 99
99 11
14 18
18 14
2 50
50 2
7 17
17 7
8 86
86 8
3 67
67 3
4 67
67 4
15 51
51 15
2 87
87 2
4 78
78 4
4 34
34 4
11 14
14 11
0 93
93 0
12 77
77 12
13 25
25 13
2 52
52 2
14 71
71 14
3 67
67 3
8 81
81 8
0 83
83 0
1 72
72 1
6 36
36 6
9 32
32 9
12 16
16 12
3 70
70 3
7 56
56 7
8 40
40 8
1 16
16 1
10 94
94 10
11 68
68 11
0 96
96 0
4 72
72 4
4 21
21 4
8 23
23 8
3 51
51 3
2 85
85 2
5 28
28 5
10 79
79 10
10 47
47 10
1 25
25 1
3 81
81 3
0 7
7 0
7 40
40 7
10 89
89 10
8 71
71 8
14 39
39 14
6 94
94 6
0 47
47 0
0 69
69 0
10 83
83 10
11 88
88 11
5 78
78 5
0 7
7 0
11 71
71 11
4 30
30 4
6 71
71 6
8 48
48 8
0 16
16 0
7 75
75 7
0 22
22 0
3 81
81 3
7 44
44 7
6 31
31 6
3 73
73 3
3 14
14 3
7 68
68 7
6 57
57 6
3 86
86 3
13 37
37 13
7 67
67 7
3 98
98 3
11 78
78 11
12 60
60 12
1 78
78 1
0 72
72 0
10 60
60 10
8 28
28 8
8 69
69 8
0 88
88 0
14 31
31 14
4 70
70 4
5 63
63 5
0 24
24 0
4 27
27 4
13 15
15 13
12 27
27 12
7 71
71 7
10 48
48 10
0 10
10 0
11 49
49 11
8 84
84 8
1 19
19 1
9 30
30 9
2 56
56 2
13 69
69 13
4 50
50 4
5 61
61 5
10 90
90 10
7 98
98 7
4 57
57 4
6 11
11 6
0 66
66 0
12 33
33 12
12 80
80 12
8 13
13 8
6 52
52 6
8 68
68 8
8 99
99 8
13 98
98 13
8 98
98 8
13 61
61 13
11 23
23 11
11 35
35 11
2 81
81 2
4 43
43 4
9 90
90 9
4 56
56 4
3 79
79 3
12 15
15 12
1 63
63 1
0 51
51 0
0 26
26 0
3 64
64 3
6 25
25 6
0 73
73 0
5 86
86 5
9 57
57 9
8 31
31 8
13 92
92 13
2 96
96 2
9 25
25 9
1 10
10 1
6 38
38 6
9 40
40 9
11 44
44 11
13 70
70 13
0 38
38 0
11 93
93 11
7 24
24 7
10 14
14 10
2 63
63 2
5 97
97 5
10 21
21 10
9 88
88 9
12 47
47 12
5 61
61 5
6 19
19 6
12 84
84 12
9 53
53 9
1 41
41 1
7 95
95 7
7 98
98 7
12 34
34 12
0 46
46 0
3 18
18 3
1 64
64 1
13 27
27 13
10 46
46 10
11 86
86 11
4 6
6 4
13 74
74 13
2 15
15 2
0 58
58 0
5 89
89 5
1 59
59 1
5 69
69 5
9 83
83 9
7 70
70 7
4 79
79 4
6 94
94 6
9 85
85 9
2 21
21 2
13 33
33 13
9 73
73 9
4 67
67 4
4 19
19 4
4 62
62 4
5 85
85 5
4 94
94 4
4 40
40 4
2 32
32 2
13 28
28 13
8 73
73 8
4 61
61 4
6 98
98 6
5 73
73 5
6 35
35 6
12 22
22 12
10 34
34 10
9 64
64 9
5 66
66 5
8 88
88 8
11 30
30 11
8 48
48 8
5 39
39 5
4 61
61 4
2 84
84 2
9 67
67 9
8 17
17 8
1 3
3 1
9 62
62 9
9 25
25 9
4 79
79 4
5 64
64 5
0 75
75 0
8 76
76 8
5 7
7 5
4 63
63 4
5 14
14 5
8 89
89 8
1 56
56 1
8 30
30 8
5 84
84 5
0 26
26 0
2 58
58 2
6 55
55 6
9 32
32 9
5 15
15 5
11 95
95 11
5 97
97 5
0 53
53 0
4 97
97 4
3 63
63 3
9 16
16 9
9 70
70 9
2 10
10 2
12 44
44 12
0 80
80 0
6 57
57 6
10 14
14 10
7 30
30 7
4 45
45 4
9 42
42 9
5 9
9 5
6 46
46 6
7 17
17 7
12 84
84 12
7 90
90 7
5 86
86 5
4 53
53 4
6 18
18 6
0 68
68 0
1 7
7 1
0 37
37 0
6 29
29 6
4 51
51 4
3 39
39 3
12 66
66 12
6 16
16 6
10 52
52 10
2 47
47 2
9 99
99 9
12 19
19 12
0 40
40 0
5 15
15 5
7 96
96 7
4 82
82 4
5 35
35 5
11 67
67 11
8 46
46 8
0 15
15 0
11 27
27 11
9 65
65 9
5 40
40 5
9 42
42 9
9 14
14 9
0 93
93 0
2 56
56 2
4 86
86 4
6 87
87 6
12 25
25 12
0 3
3 0
0 27
27 0
1 99
99 1
5 64
64 5
10 88
88 10
0 96
96 0
10 14
14 10
4 6
6 4
2 4
4 2
11 25
25 11
4 23
23 4
2 86
86 2
4 66
66 4
0 7
7 0
1 73
73 1
5 87
87 5
1 96
96 1
10 12
12 10
7 66
66 7
7 55
55 7
1 60
60 1
11 44
44 11
0 34
34 0
6 98
98 6
6 17
17 6
0 73
73 0
2 81
81 2
9 59
59 9
1 85
85 1
7 38
38 7
1 14
14 1
11 65
65 11
10 96
96 10
8 16
16 8
6 60
60 6
11 88
88 11
1 24
24 1
9 17
17 9
10 85
85 10
11 20
20 11
9 24
24 9
6 55
55 6
2 79
79 2
11 53
53 11
6 76
76 6
10 43
43 10
8 42
42 8
8 73
73 8
4 26
26 4
2 42
42 2
11 27
27 11
0 37
37 0
8 28
28 8
7 20
20 7
4 85
85 4
7 69
69 7
10 79
79 10
4 43
43 4
7 97
97 7
10 42
42 10
9 63
63 9
9 44
44 9
1 48
48 1
10 77
77 10
4 62
62 4
0 55
55 0
5 40
40 5
2 37
37 2
0 91
91 0
11 46
46 11
5 17
17 5
6 33
33 6
8 64
64 8
4 56
56 4
5 46
46 5
4 80
80 4
1 52
52 1
11 46
46 11
4 71
71 4
4 13
13 4
8 61
61 8
8 13
13 8
10 69
69 10
0 77
77 0
8 65
65 8
6 19
19 6
10 78
78 10
8 24
24 8
0 62
62 0
8 76
76 8
6 79
79 6
3 47
47 3
1 69
69 1
1 80
80 1
11 31
31 11
7 78
78 7
4 14
14 4
8 34
34 8
0 18
18 0
11 23
23 11
8 55
55 8
5 19
19 5
8 11
11 8
10 46
46 10
11 34
34 11
7 93
93 7
9 56
56 9
5 77
77 5
5 52
52 5
1 28
28 1
4 62
62 4
4 86
86 4
5 10
10 5
0 75
75 0
9 93
93 9
0 2
2 0
6 49
49 6
8 85
85 8
9 73
73 9
3 82
82 3
7 88
88 7
4 85
85 4
9 39
39 9
9 99
99 9
3 81
81 3
6 93
93 6
6 12
12 6
9 47
47 9
7 26
26 7
0 76
76 0
7 75
75 7
7 77
77 7
5 43
43 5
3 46
46 3
4 48
48 4
4 40
40 4
4 68
68 4
0 60
60 0
3 12
12 3
1 94
94 1
1 28
28 1
10 57
57 10
2 62
62 2
6 60
60 6
5 89
89 5
5 71
71 5
9 63
63 9
0 29
29 0
1 57
57 1
3 55
55 3
7 70
70 7
9 88
88 9
0 5
5 0
3 45
45 3
2 98
98 2
4 42
42 4
1 25
25 1
9 34
34 9
8 47
47 8
6 87
87 6
6 98
98 6
7 90
90 7
2 98
98 2
0 98
98 0
7 20
20 7
8 85
85 8
6 99
99 6
5 8
8 5
10 56
56 10
10 51
51 10
9 64
64 9
6 37
37 6
1 27
27 1
10 41
41 10
8 43
43 8
2 89
89 2
0 82
82 0
8 48
48 8
7 17
17 7
0 36
36 0
9 17
17 9
1 23
23 1
6 55
55 6
4 12
12 4
9 29
29 9
9 43
43 9
1 63
63 1
0 32
32 0
0 16
16 0
6 56
56 6
0 73
73 0
9 45
45 9
6 74
74 6
5 64
64 5
10 24
24 10
4 24
24 4
3 15
15 3
4 28
28 4
8 58
58 8
9 88
88 9
4 70
70 4
2 78
78 2
1 45
45 1
4 84
84 4
7 17
17 7
6 72
72 6
2 75
75 2
2 36
36 2
4 57
57 4
1 25
25 1
0 31
31 0
2 7
7 2
3 95
95 3
3 76
76 3
2 35
35 2
8 68
68 8
7 53
53 7
0 65
65 0
5 27
27 5
5 77
77 5
5 51
51 5
3 67
67 3
0 31
31 0
5 23
23 5
8 52
52 8
8 51
51 8
5 52
52 5
1 75
75 1
4 24
24 4
9 31
31 9
4 95
95 4
2 87
87 2
2 59
59 2
3 72
72 3
2 4
4 2
5 68
68 5
6 12
12 6
5 15
15 5
3 95
95 3
3 37
37 3
5 78
78 5
3 40
40 3
8 78
78 8
3 98
98 3
3 97
97 3
5 7
7 5
6 64
64 6
3 36
36 3
4 73
73 4
3 6
6 3
6 26
26 6
9 25
25 9
8 42
42 8
2 4
4 2
4 15
15 4
5 79
79 5
0 25
25 0
2 63
63 2
1 90
90 1
4 60
60 4
6 73
73 6
9 40
40 9
9 26
26 9
3 29
29 3
0 25
25 0
4 84
84 4
1 19
19 1
1 9
9 1
6 95
95 6
0 32
32 0
8 27
27 8
5 55
55 5
8 48
48 8
0 63
63 0
4 18
18 4
5 98
98 5
3 43
43 3
6 53
53 6
4 97
97 4
2 42
42 2
1 70
70 1
7 64
64 7
6 92
92 6
2 67
67 2
1 45
45 1
3 98
98 3
5 92
92 5
3 16
16 3
6 76
76 6
8 93
93 8
5 77
77 5
0 69
69 0
6 14
14 6
8 23
23 8
3 32
32 3
4 81
81 4
0 87
87 0
2 95
95 2
3 88
88 3
7 33
33 7
7 62
62 7
7 59
59 7
6 48
48 6
1 94
94 1
5 63
63 5
3 47
47 3
5 59
59 5
8 38
38 8
4 97
97 4
5 52
52 5
2 43
43 2
5 95
95 5
2 42
42 2
6 13
13 6
5 22
22 5
2 98
98 2
4 49
49 4
8 36
36 8
2 81
81 2
5 62
62 5
3 51
51 3
8 57
57 8
8 32
32 8
4 20
20 4
1 12
12 1
3 59
59 3
2 12
12 2
1 50
50 1
5 73
73 5
6 94
94 6
3 37
37 3
4 79
79 4
7 10
10 7
2 19
19 2
5 90
90 5
5 32
32 5
6 34
34 6
7 78
78 7
7 23
23 7
2 30
30 2
4 50
50 4
4 67
67 4
5 89
89 5
4 85
85 4
5 89
89 5
2 73
73 2
3 71
71 3
0 76
76 0
2 26
26 2
0 31
31 0
3 11
11 3
7 47
47 7
5 52
52 5
2 5
5 2
2 17
17 2
5 69
69 5
4 56
56 4
0 44
44 0
3 52
52 3
6 53
53 6
2 14
14 2
0 80
80 0
6 95
95 6
5 92
92 5
2 84
84 2
7 82
82 7
3 26
26 3
6 85
85 6
6 26
26 6
2 52
52 2
7 79
79 7
2 87
87 2
5 10
10 5
6 17
17 6
4 97
97 4
1 11
11 1
5 88
88 5
5 64
64 5
7 22
22 7
4 52
52 4
4 25
25 4
1 52
52 1
0 79
79 0
0 49
49 0
0 29
29 0
0 62
62 0
1 95
95 1
2 24
24 2
5 17
17 5
1 69
69 1
2 36
36 2
0 49
49 0
7 17
17 7
7 83
83 7
1 88
88 1
1 77
77 1
7 48
48 7
3 16
16 3
3 71
71 3
6 18
18 6
1 47
47 1
3 55
55 3
1 35
35 1
1 18
18 1
7 66
66 7
1 8
8 1
7 82
82 7
1 34
34 1
1 7
7 1
3 57
57 3
4 26
26 4
2 4
4 2
6 39
39 6
6 67
67 6
2 19
19 2
4 16
16 4
7 23
23 7
4 27
27 4
7 30
30 7
1 43
43 1
0 57
57 0
0 46
46 0
3 9
9 3
1 47
47 1
0 75
75 0
1 52
52 1
5 22
22 5
3 36
36 3
2 15
15 2
5 32
32 5
3 54
54 3
1 49
49 1
5 62
62 5
0 21
21 0
5 78
78 5
0 54
54 0
5 95
95 5
3 46
46 3
4 48
48 4
3 25
25 3
0 70
70 0
7 35
35 7
4 76
76 4
3 89
89 3
6 45
45 6
4 77
77 4
5 47
47 5
6 42
42 6
0 19
19 0
0 30
30 0
4 29
29 4
1 18
18 1
1 67
67 1
7 39
39 7
4 31
31 4
0 41
41 0
3 36
36 3
4 90
90 4
1 52
52 1
6 65
65 6
6 80
80 6
7 27
27 7
5 35
35 5
1 22
22 1
5 33
33 5
0 91
91 0
5 52
52 5
5 92
92 5
4 26
26 4
0 65
65 0
4 24
24 4
5 15
15 5
0 62
62 0
2 39
39 2
7 13
13 7
5 53
53 5
1 49
49 1
3 46
46 3
1 57
57 1
5 50
50 5
1 57
57 1
1 13
13 1
6 80
80 6
3 82
82 3
5 70
70 5
1 75
75 1
2 70
70 2
1 28
28 1
4 14
14 4
4 41
41 4
1 52
52 1
6 46
46 6
2 57
57 2
5 55
55 5
6 37
37 6
0 59
59 0
4 99
99 4
1 46
46 1
2 21
21 2
0 64
64 0
5 10
10 5
1 64
64 1
5 88
88 5
3 86
86 3
6 8
8 6
1 17
17 1
0 9
9 0
1 69
69 1
5 57
57 5
2 23
23 2
1 44
44 1
3 16
16 3
0 19
19 0
4 87
87 4
4 74
74 4
6 25
25 6
4 53
53 4
0 52
52 0
4 49
49 4
2 77
77 2
6 42
42 6
5 33
33 5
0 37
37 0
0 18
18 0
3 94
94 3
1 9
9 1
2 81
81 2
1 55
55 1
2 82
82 2
5 40
40 5
4 15
15 4
1 99
99 1
2 60
60 2
6 42
42 6
2 21
21 2
2 19
19 2
5 41
41 5
5 97
97 5
5 38
38 5
4 56
56 4
0 94
94 0
1 29
29 1
3 76
76 3
1 68
68 1
6 37
37 6
4 17
17 4
5 30
30 5
1 98
98 1
0 8
8 0
2 13
13 2
4 68
68 4
4 71
71 4
0 79
79 0
1 99
99 1
3 52
52 3
5 58
58 5
4 51
51 4
6 11
11 6
1 61
61 1
5 61
61 5
0 59
59 0
2 60
60 2
0 62
62 0
4 54
54 4
1 81
81 1
1 88
88 1
4 40
40 4
3 96
96 3
3 68
68 3
1 66
66 1
5 80
80 5
5 41
41 5
3 20
20 3
0 46
46 0
3 99
99 3
5 43
43 5
4 50
50 4
0 51
51 0
4 40
40 4
0 53
53 0
2 79
79 2
4 89
89 4
4 79
79 4
2 75
75 2
2 86
86 2
3 71
71 3
0 14
14 0
4 26
26 4
0 48
48 0
5 28
28 5
1 99
99 1
1 5
5 1
4 9
9 4
5 61
61 5
5 52
52 5
2 36
36 2
0 90
90 0
0 19
19 0
1 92
92 1
0 92
92 0
0 59
59 0
4 27
27 4
2 60
60 2
5 67
67 5
1 60
60 1
3 23
23 3
5 62
62 5
5 39
39 5
5 68
68 5
4 46
46 4
2 55
55 2
4 48
48 4
0 73
73 0
5 28
28 5
3 24
24 3
1 79
79 1
4 26
26 4
3 67
67 3
3 33
33 3
3 11
11 3
2 77
77 2
2 96
96 2
5 49
49 5
4 50
50 4
4 13
13 4
3 73
73 3
5 16
16 5
0 23
23 0
5 22
22 5
3 51
51 3
1 37
37 1
1 95
95 1
1 14
14 1
4 56
56 4
4 25
25 4
2 85
85 2
4 40
40 4
5 9
9 5
2 37
37 2
5 35
35 5
3 47
47 3
0 65
65 0
0 57
57 0
4 20
20 4
0 72
72 0
2 8
8 2
0 87
87 0
4 9
9 4
1 71
71 1
0 82
82 0
4 20
20 4
4 7
7 4
0 53
53 0
3 85
85 3
1 9
9 1
2 74
74 2
0 10
10 0
3 91
91 3
3 60
60 3
2 62
62 2
0 60
60 0
2 50
50 2
2 26
26 2
2 14
14 2
4 28
28 4
3 21
21 3
2 30
30 2
4 39
39 4
2 36
36 2
0 8
8 0
0 80
80 0
0 50
50 0
0 51
51 0
2 10
10 2
2 49
49 2
0 46
46 0
1 10
10 1
3 15
15 3
2 5
5 2
0 18
18 0
2 74
74 2
3 18
18 3
2 45
45 2
3 91
91 3
0 28
28 0
0 2
2 0
0 65
65 0
1 11
11 1
0 38
38 0
1 82
82 1
2 96
96 2
2 92
92 2
0 61
61 0
1 61
61 1
4 23
23 4
4 20
20 4
2 93
93 2
3 86
86 3
0 97
97 0
2 69
69 2
0 14
14 0
0 19
19 0
0 78
78 0
2 95
95 2
2 36
36 2
4 60
60 4
2 85
85 2
3 55
55 3
1 88
88 1
2 23
23 2
4 23
23 4
2 18
18 2
2 99
99 2
2 19
19 2
2 69
69 2
2 45
45 2
3 13
13 3
2 36
36 2
3 68
68 3
0 69
69 0
0 49
49 0
0 38
38 0
4 20
20 4
3 63
63 3
4 28
28 4
4 24
24 4
3 56
56 3
1 30
30 1
3 42
42 3
4 23
23 4
3 92
92 3
1 93
93 1
2 74
74 2
1 76
76 1
0 71
71 0
0 77
77 0
3 93
93 3
4 14
14 4
0 28
28 0
1 60
60 1
0 77
77 0
2 58
58 2
1 61
61 1
1 36
36 1
3 20
20 3
3 51
51 3
2 29
29 2
0 93
93 0
1 55
55 1
2 82
82 2
0 43
43 0
2 31
31 2
1 46
46 1
1 75
75 1
3 50
50 3
2 94
94 2
2 9
9 2
2 42
42 2
0 80
80 0
1 84
84 1
3 28
28 3
0 56
56 0
2 16
16 2
3 28
28 3
3 79
79 3
1 33
33 1
1 82
82 1
1 96
96 1
0 18
18 0
2 77
77 2
1 77
77 1
3 52
52 3
1 47
47 1
1 55
55 1
0 27
27 0
3 53
53 3
1 8
8 1
3 54
54 3
3 33
33 3
3 50
50 3
2 53
53 2
0 15
15 0
0 67
67 0
0 15
15 0
0 70
70 0
2 86
86 2
3 5
5 3
2 10
10 2
1 45
45 1
0 5
5 0
0 74
74 0
0 70
70 0
2 69
69 2
0 79
79 0
1 65
65 1
0 47
47 0
1 59
59 1
2 23
23 2
1 87
87 1
2 22
22 2
1 16
16 1
0 30
30 0
3 14
14 3
0 12
12 0
2 91
91 2
0 42
42 0
0 56
56 0
2 68
68 2
2 47
47 2
1 41
41 1
2 36
36 2
0 73
73 0
2 22
22 2
2 10
10 2
1 62
62 1
2 88
88 2
1 90
90 1
2 21
21 2
1 26
26 1
3 9
9 3
0 2
2 0
1 54
54 1
1 34
34 1
0 20
20 0
1 94
94 1
1 69
69 1
0 62
62 0
2 6
6 2
0 54
54 0
0 58
58 0
0 64
64 0
1 17
17 1
3 14
14 3
2 60
60 2
2 30
30 2
0 35
35 0
0 84
84 0
2 45
45 2
2 25
25 2
1 7
7 1
2 89
89 2
1 67
67 1
2 52
52 2
1 42
42 1
2 43
43 2
0 33
33 0
1 15
15 1
2 18
18 2
2 33
33 2
2 66
66 2
1 60
60 1
1 91
91 1
1 11
11 1
0 10
10 0
2 94
94 2
0 44
44 0
0 73
73 0
3 6
6 3
2 7
7 2
1 57
57 1
2 38
38 2
1 99
99 1
2 43
43 2
1 30
30 1
2 32
32 2
2 28
28 2
1 90
90 1
2 16
16 2
2 46
46 2
1 21
21 1
1 3
3 1
0 7
7 0
0 93
93 0
1 26
26 1
1 46
46 1
2 48
48 2
2 32
32 2
2 78
78 2
2 70
70 2
2 78
78 2
1 22
22 1
0 67
67 0
2 51
51 2
2 4
4 2
0 20
20 0
1 63
63 1
0 36
36 0
0 53
53 0
2 9
9 2
0 37
37 0
0 95
95 0
2 4
4 2
2 64
64 2
2 51
51 2
1 48
48 1
1 57
57 1
1 16
16 1
2 10
10 2
0 51
51 0
1 55
55 1
2 38
38 2
0 81
81 0
0 34
34 0
1 15
15 1
0 66
66 0
0 46
46 0
0 51
51 0
1 48
48 1
2 13
13 2
1 86
86 1
0 30
30 0
1 59
59 1
0 54
54 0
2 32
32 2
0 85
85 0
0 52
52 0
0 87
87 0
1 29
29 1
1 99
99 1
0 90
90 0
2 4
4 2
1 28
28 1
0 11
11 0
2 16
16 2
1 13
13 1
1 12
12 1
2 16
16 2
0 71
71 0
0 60
60 0
2 29
29 2
0 96
96 0
1 50
50 1
1 48
48 1
0 42
42 0
0 36
36 0
1 71
71 1
1 34
34 1
2 15
15 2
1 83
83 1
0 91
91 0
1 63
63 1
1 20
20 1
1 8
8 1
1 40
40 1
0 84
84 0
0 50
50 0
1 71
71 1
1 91
91 1
0 49
49 0
1 36
36 1
0 66
66 0
0 8
8 0
0 75
75 0
0 36
36 0
0 58
58 0
0 68
68 0
0 14
14 0
1 13
13 1
1 32
32 1
0 25
25 0
1 5
5 1
0 79
79 0
1 66
66 1
1 52
52 1
0 66
66 0
0 68
68 0
0 28
28 0
0 52
52 0
1 7
7 1
1 7
7 1
1 77
77 1
0 68
68 0
0 96
96 0
0 34
34 0
0 13
13 0
1 9
9 1
0 89
89 0
1 51
51 1
0 98
98 0
1 72
72 1
1 4
4 1
1 8
8 1
0 33
33 0
0 32
32 0
0 17
17 0
0 42
42 0
0 62
62 0
1 25
25 1
0 75
75 0
1 11
11 1
0 10
10 0
1 35
35 1
1 34
34 1
1 41
41 1
1 29
29 1
0 80
80 0
0 98
98 0
0 57
57 0
0 91
91 0
0 2
2 0
0 36
36 0
0 48
48 0
0 29
29 0
0 42
42 0
0 46
46 0
0 80
80 0
1 40
40 1
0 75
75 0
0 45
45 0
0 61
61 0
0 3
3 0
1 20
20 1
0 57
57 0
0 78
78 0
0 31
31 0
0 58
58 0
0 64
64 0
1 25
25 1
0 85
85 0
0 53
53 0
1 19
19 1
0 15
15 0
0 50
50 0
0 47
47 0
0 52
52 0
1 27
27 1
0 97
97 0
0 11
11 0
0 42
42 0
0 47
47 0
0 62
62 0
0 15
15 0
0 11
11 0
0 49
49 0
0 38
38 0
0 50
50 0
0 57
57 0
0 70
70 0
0 47
47 0
0 55
55 0
1 11
11 1
0 90
90 0
0 63
63 0
0 69
69 0
0 30
30 0
1 6
6 1
0 3
3 0
0 6
6 0
0 67
67 0
0 73
73 0
0 7
7 0
0 89
89 0
0 2
2 0
0 80
80 0
0 24
24 0
0 33
33 0
0 25
25 0
0 87
87 0
0 11
11 0
0 27
27 0
0 8
8 0
0 76
76 0
0 55
55 0
0 22
22 0
0 14
14 0
0 69
69 0
0 75
75 0
0 52
52 0
0 30
30 0
0 65
65 0
0 58
58 0
0 9
9 0
0 43
43 0
0 47
47 0
0 42
42 0
0 28
28 0
0 19
19 0
0 13
13 0
0 60
60 0
0 60
60 0
0 42
42 0
0 18
18 0
0 14
14 0
0 65
65 0
0 11
11 0
0 44
44 0
0 50
50 0
0 8
8 0
0 35
35 0
0 28
28 0
0 38
38 0
0 40
40 0
0 27
27 0
0 14
14 0
0 18
18 0
0 37
37 0
0 31
31 0
0 48
48 0
0 47
47 0
0 18
18 0
0 4
4 0
0 29
29 0
0 41
41 0
0 20
20 0
0 34
34 0
0 31
31 0
0 4
4 0
0 37
37 0
0 12
12 0
0 15
15 0
0 35
35 0
0 34
34 0
0 2
2 0
0 11
11 0
0 10
10 0
0 7
7 0
0 15
15 0
0 27
27 0
0 10
10 0
0 6
6 0
0 19
19 0
0 25
25 0
0 6
6 0
0 2
2 0
0 23
23 0
0 21
21 0
0 13
13 0
0 21
21 0
0 2
2 0
0 17
17 0
0 18
18 0
0 9
9 0
0 16
16 0
0 10
10 0
0 16
16 0
0 2
2 0
0 5
5 0
0 4
4 0
0 6
6 0
0 11
11 0
0 3
3 0
0 2
2 0
0 8
8 0
0 7
7 0
0 3
3 0
0 2
2 0
0 3
3 0
0 2
2 0
0 2
2 0
100 101
101 100
101 102
102 101
102 103
103 102
100 103
103 100
100 102
102 100
100 102
102 100
100 0
0 100
104 105
105 104
105 106
106 105
106 107
107 106
104 107
107 104
105 107
107 105
104 106
106 104
104 1
1 104
108 109
109 108
109 110
110 109
110 111
111 110
108 111
111 108
108 110
110 108
108 110
110 108
108 2
2 108
112 113
113 112
113 114
114 113
114 115
115 114
112 115
115 112
113 115
115 113
112 114
114 112
112 3
3 112
