31 265 7
1 2
2 3
3 4
4 5
5 6
6 7
7 8
8 9
9 10
10 11
11 12
12 13
13 14
14 15
15 16
16 17
17 18
18 19
19 20
20 21
21 22
1 22
5 11
1 11
4 6
11 22
5 8
3 14
17 21
10 15
1 21
13 20
4 16
2 10
4 8
7 12
6 10
10 19
1 4
14 16
8 18
8 14
8 22
2 4
10 13
2 6
4 19
1 7
13 19
6 8
13 15
7 11
10 16
9 19
8 16
19 21
18 22
7 13
6 14
5 17
6 19
3 17
7 20
10 12
11 20
4 21
10 22
6 15
1 19
7 21
12 20
4 12
3 6
10 21
1 16
12 19
3 11
15 19
16 22
14 17
3 12
5 19
15 22
17 19
14 19
9 14
1 15
12 18
14 22
6 21
2 20
8 15
1 13
12 17
1 10
7 15
2 5
3 9
7 9
2 14
1 5
12 16
7 14
7 22
4 22
4 7
8 11
6 9
2 16
5 20
1 3
4 13
5 14
7 10
11 19
3 21
8 21
11 15
20 22
17 20
1 17
9 11
2 15
3 19
6 17
10 18
8 10
9 22
18 21
3 13
18 20
1 6
13 21
19 22
1 8
4 14
9 21
15 17
8 13
13 16
5 16
14 18
9 18
4 9
6 20
3 10
16 18
2 22
6 11
10 17
11 18
5 13
5 21
2 8
4 18
2 7
10 20
6 13
14 20
11 16
4 10
6 22
3 20
6 12
12 15
3 18
17 22
15 20
16 20
13 22
4 20
2 13
12 21
16 19
11 13
14 21
1 18
2 17
9 15
8 19
3 8
1 12
5 10
3 22
11 17
9 16
5 12
2 18
6 18
5 15
9 13
9 17
2 19
2 12
13 17
11 21
5 22
2 9
7 17
4 17
8 17
4 11
2 11
9 12
7 18
5 18
4 15
6 16
12 22
7 16
1 9
5 7
10 14
12 14
9 20
3 15
5 9
11 14
1 14
2 21
3 5
15 18
3 16
15 21
8 20
7 19
3 7
8 12
1 20
13 18
16 21
23 24
24 25
25 26
26 27
27 28
28 29
29 30
23 30
24 30
23 28
25 27
24 29
23 27
28 30
24 27
27 30
24 28
23 26
23 25
25 28
23 29
27 29
26 28
24 26
25 30
26 30
26 29
25 29
0 1
0 2
0 3
0 23
0 24
0 25
